0.00000
0.00000
0.00000
0.00000
0.00000
0.00000
0.00000
0.00000
0.00000
0.00000
0.00000
0.00000
0.00000
0.04136
0.04013
0.03877
0.04090
0.04375
0.03810
0.03989
0.04021
0.03976
0.03877
0.03993
0.00000
0.03939
0.03947
0.04073
0.03792
0.03988
0.04301
0.03964
0.04291
0.04301
0.03987
0.04021
0.00000
0.04145
0.03870
0.03971
0.03947
0.04092
0.03701
0.03818
0.03955
0.03870
0.04081
0.03847
0.00000
0.03892
0.03943
0.04029
0.03963
0.03900
0.04173
0.04173
0.03877
0.03804
0.03723
0.04343
0.00000
0.04021
0.04024
0.04077
0.04182
0.04192
0.04029
0.04090
0.03888
0.03818
0.03947
0.04047
0.00000
0.03891
0.04081
0.04139
0.04201
0.04136
0.04097
0.03885
0.04146
0.04386
0.03804
0.04073
0.00000
0.03847
0.03923
0.04477
0.04201
0.03890
0.04064
0.03966
0.04029
0.04000
0.04055
0.04126
0.00000
0.03841
0.03840
0.04013
0.04021
0.04201
0.04021
0.03916
0.04154
0.04064
0.03855
0.04117
0.00000
0.04099
0.03967
0.04083
0.04029
0.04029
0.04136
0.03931
0.04090
0.04022
0.03900
0.04046
0.00000
0.04136
0.04003
0.03734
0.04072
0.03908
0.04163
0.03977
0.03809
0.04047
0.03878
0.03966
0.00000
0.04145
0.04136
0.04004
0.04072
0.03877
0.04063
0.04221
0.04004
0.04073
0.03688
0.03923
0.00000
0.03939
0.04136
0.03963
0.03811
0.03842
0.04099
0.04182
0.04108
0.04354
0.04081
0.04013
0.00000
0.03775
0.03768
0.03905
0.04231
0.03748
0.03668
0.03866
0.04443
0.03939
0.04081
0.03932
0.00000
0.03931
0.04038
0.03825
0.03988
0.04038
0.04029
0.03919
0.04126
0.03931
0.04211
0.04086
0.00000
0.04182
0.04006
0.04250
0.03996
0.03770
0.03804
0.04291
0.03847
0.03870
0.03714
0.04041
0.00000
0.03937
0.03905
0.04073
0.04136
0.04055
0.03811
0.03945
0.04058
0.03974
0.04145
0.04055
0.00000
0.04004
0.03939
0.03900
0.03960
0.04281
0.03935
0.03761
0.03923
0.04081
0.04013
0.03855
0.00000
0.04108
0.04085
0.04013
0.04029
0.04013
0.03977
0.03811
0.03924
0.04029
0.04090
0.03979
0.00000
0.04177
0.04013
0.03811
0.03913
0.03761
0.03825
0.03870
0.04080
0.03923
0.04123
0.04029
0.00000
0.03923
0.04015
0.04004
0.04145
0.04092
0.03782
0.04241
0.03694
0.04454
0.04013
0.04163
0.00000
0.03908
0.03963
0.04111
0.03900
0.04117
0.03869
0.03947
0.04004
0.03727
0.04241
0.03900
0.00000
0.04182
0.03812
0.04124
0.03885
0.03996
0.04091
0.03798
0.03789
0.03988
0.03870
0.03971
0.00000
0.03955
0.03908
0.04117
0.04454
0.03877
0.03854
0.04081
0.03802
0.03908
0.04047
0.03840
0.00000
0.04221
0.03855
0.03996
0.04136
0.04250
0.03877
0.04009
0.03923
0.03862
0.03862
0.03923
0.00000
0.03892
0.04004
0.04029
0.03784
0.04182
0.03911
0.04081
0.03916
0.03904
0.04129
0.04021
0.00000
0.04117
0.03955
0.03900
0.03923
0.03748
0.04221
0.03892
0.04056
0.04047
0.03963
0.04260
0.00000
0.04346
0.04019
0.04136
0.04136
0.04154
0.03932
0.04316
0.04322
0.03687
0.04089
0.03804
0.00000
0.03887
0.04192
0.04271
0.03825
0.03996
0.04039
0.04013
0.04013
0.04192
0.03811
0.04029
0.00000
0.03921
0.03804
0.03775
0.04003
0.03880
0.03955
0.04021
0.03996
0.03857
0.03934
0.04182
0.00000
0.04050
0.03819
0.03892
0.04073
0.03931
0.03818
0.03939
0.03941
0.04119
0.03996
0.04004
0.00000
0.04191
0.04060
0.03947
0.04157
0.04064
0.03870
0.04020
0.03971
0.03947
0.04053
0.03916
0.00000
0.04210
0.03961
0.03892
0.04013
0.04213
0.04154
0.03671
0.04301
0.03908
0.03877
0.03963
0.00000
0.04108
0.03996
0.03908
0.04072
0.03931
0.04076
0.03847
0.04260
0.04192
0.04286
0.04061
0.00000
0.04047
0.03855
0.04126
0.03832
0.04409
0.03757
0.04375
0.03892
0.04038
0.03859
0.03955
0.00000
0.03755
0.04192
0.03960
0.03987
0.04354
0.04038
0.03988
0.04394
0.03931
0.04221
0.03675
0.00000
0.03999
0.03994
0.04125
0.03923
0.03877
0.04225
0.03923
0.03826
0.04163
0.03939
0.04029
0.00000
0.03916
0.04163
0.04038
0.04021
0.04090
0.04013
0.04200
0.03908
0.03847
0.03885
0.04038
0.00000
0.03939
0.04047
0.04134
0.04217
0.04090
0.04075
0.04108
0.04108
0.03825
0.04031
0.03961
0.00000
0.04008
0.04075
0.04154
0.03877
0.04099
0.04108
0.03885
0.04125
0.03913
0.03754
0.04099
0.00000
0.03855
0.03804
0.04301
0.03996
0.04064
0.04136
0.03900
0.04108
0.04013
0.04047
0.03832
0.00000
0.03892
0.03892
0.03906
0.03908
0.04010
0.03889
0.04004
0.03900
0.04211
0.03701
0.03979
0.00000
0.03668
0.04004
0.03931
0.04020
0.03913
0.04163
0.03885
0.04175
0.03870
0.04431
0.03843
0.00000
0.04150
0.03832
0.04064
0.03931
0.04117
0.03796
0.03956
0.04041
0.04099
0.03847
0.04004
0.00000
0.04145
0.03911
0.04104
0.04047
0.03963
0.04004
0.04072
0.03906
0.04136
0.03870
0.03721
0.00000
0.04136
0.04117
0.03947
0.03971
0.04073
0.04117
0.03984
0.04154
0.03986
0.03908
0.03727
0.00000
0.03796
0.04053
0.04214
0.04201
0.03855
0.04035
0.03913
0.04038
0.03927
0.04096
0.04226
0.00000
0.03822
0.04033
0.03775
0.03721
0.03974
0.03957
0.03975
0.04117
0.04090
0.04029
0.04211
0.00000
0.04032
0.03847
0.04081
0.03985
0.04090
0.04055
0.04000
0.03939
0.04090
0.04163
0.04004
0.00000
0.04260
0.03878
0.03988
0.03796
0.04021
0.04055
0.04044
0.03681
0.03963
0.04182
0.03924
0.00000
0.03908
0.04061
0.03971
0.04301
0.03947
0.03818
0.03802
0.03996
0.04117
0.03908
0.04127
0.00000
0.03825
0.03939
0.03969
0.03931
0.04194
0.03839
0.03800
0.04006
0.04071
0.03947
0.04163
0.00000
0.03977
0.03931
0.04173
0.04004
0.03811
0.04260
0.03908
0.03900
0.04145
0.04250
0.03970
0.00000
0.03855
0.03916
0.04136
0.04144
0.04145
0.04004
0.03809
0.04006
0.03870
0.03954
0.04091
0.00000
0.03966
0.03919
0.04047
0.04047
0.04064
0.03771
0.03979
0.03925
0.03885
0.04055
0.04092
0.00000
0.04038
0.03798
0.03947
0.04160
0.03890
0.03853
0.03710
0.03912
0.03952
0.04126
0.04058
0.00000
0.03828
0.03931
0.04117
0.03819
0.03939
0.03990
0.04136
0.03804
0.04055
0.04081
0.04099
0.00000
0.04014
0.04038
0.04168
0.04108
0.03870
0.03830
0.03956
0.04073
0.03963
0.04136
0.04317
0.00000
0.04051
0.04219
0.03996
0.04201
0.04290
0.03996
0.03630
0.04019
0.03908
0.03879
0.04081
0.00000
0.03832
0.03687
0.04038
0.03961
0.03937
0.03825
0.04375
0.03872
0.03882
0.04090
0.03877
0.00000
0.04145
0.03939
0.03821
0.03996
0.04192
0.04188
0.03842
0.04029
0.03789
0.04107
0.04055
0.00000
0.04021
0.04212
0.03956
0.03961
0.03975
0.04099
0.04154
0.04099
0.03991
0.03818
0.03734
0.00000
0.03931
0.03839
0.03908
0.04241
0.03832
0.04029
0.03996
0.03971
0.04053
0.03986
0.03899
0.00000
0.04064
0.04271
0.04013
0.04241
0.04301
0.03817
0.04038
0.03988
0.04042
0.04145
0.03988
0.00000
0.03988
0.04050
0.03870
0.04002
0.04380
0.04024
0.03691
0.04140
0.04038
0.03996
0.04161
0.00000
0.04136
0.03979
0.03923
0.04019
0.04145
0.04354
0.03882
0.03896
0.04051
0.04126
0.03955
0.00000
0.04234
0.04152
0.04010
0.03910
0.04111
0.04135
0.04129
0.03811
0.03955
0.04013
0.04255
0.00000
0.04126
0.04154
0.04108
0.04013
0.04071
0.04136
0.04126
0.03939
0.03979
0.04004
0.03848
0.00000
0.04004
0.04101
0.03947
0.04222
0.04009
0.04073
0.04081
0.03908
0.03996
0.03908
0.03822
0.00000
0.03877
0.03957
0.03706
0.04075
0.04004
0.04127
0.04136
0.04163
0.03900
0.03943
0.03954
0.00000
0.03886
0.03960
0.03923
0.03804
0.03855
0.04042
0.04182
0.03971
0.04047
0.03916
0.04327
0.00000
0.04038
0.03988
0.04250
0.03941
0.03847
0.04064
0.03894
0.04195
0.03681
0.04221
0.04100
0.00000
0.03971
0.04161
0.03955
0.04029
0.04165
0.03831
0.03769
0.04173
0.04173
0.03916
0.04099
0.00000
0.03965
0.03891
0.04126
0.04049
0.03921
0.04259
0.03948
0.03687
0.03916
0.04048
0.03971
0.00000
0.04049
0.03837
0.03769
0.04136
0.03796
0.04090
0.04163
0.04091
0.03796
0.03951
0.03931
0.00000
0.04025
0.04154
0.04004
0.03892
0.03923
0.03782
0.04099
0.03885
0.03998
0.04136
0.04211
0.00000
0.03782
0.03862
0.03984
0.03758
0.03996
0.04075
0.03995
0.03900
0.04021
0.03760
0.03975
0.00000
0.04104
0.04145
0.03840
0.04161
0.04016
0.03947
0.04005
0.03832
0.04146
0.03825
0.03883
0.00000
0.03862
0.04312
0.04221
0.04182
0.04632
0.04163
0.03883
0.03971
0.04138
0.03939
0.03840
0.00000
0.04055
0.04059
0.04113
0.04284
0.03971
0.04033
0.04101
0.03874
0.04082
0.04021
0.03797
0.00000
0.03694
0.03990
0.04184
0.03923
0.04322
0.04055
0.04038
0.04123
0.04047
0.03862
0.04038
0.00000
0.03932
0.04092
0.03784
0.04192
0.03741
0.04154
0.03846
0.03939
0.03885
0.04013
0.04211
0.00000
0.03885
0.03988
0.04056
0.03861
0.04173
0.04013
0.03979
0.03887
0.03966
0.03947
0.03923
0.00000
0.04092
0.04314
0.03799
0.04175
0.04121
0.04139
0.03976
0.04033
0.03940
0.04232
0.03835
0.00000
0.03797
0.04031
0.04231
0.03856
0.03832
0.03796
0.03947
0.04075
0.04055
0.04029
0.04220
0.00000
0.04024
0.04248
0.04145
0.04055
0.04011
0.03804
0.03877
0.03963
0.03966
0.03775
0.04056
0.00000
0.03988
0.03754
0.04038
0.04073
0.04154
0.04029
0.03855
0.04056
0.03942
0.04064
0.03868
0.00000
0.04086
0.03800
0.04229
0.04070
0.03994
0.04131
0.03942
0.04001
0.04064
0.03787
0.04136
0.00000
0.04231
0.03854
0.03931
0.03980
0.04276
0.04364
0.04392
0.03963
0.03947
0.03981
0.03811
0.00000
0.03947
0.04093
0.03971
0.04038
0.03765
0.04015
0.03971
0.04076
0.03859
0.04141
0.04270
0.00000
0.04030
0.04032
0.03966
0.03804
0.03984
0.03855
0.04029
0.03802
0.04192
0.03931
0.03938
0.00000
0.04108
0.03955
0.03885
0.04056
0.03938
0.03973
0.04071
0.03947
0.03752
0.04019
0.04005
0.00000
0.04175
0.03847
0.04221
0.03922
0.04182
0.04055
0.04126
0.04055
0.03892
0.03931
0.03877
0.00000
0.04118
0.04060
0.03862
0.03923
0.03898
0.03872
0.04102
0.04102
0.04014
0.04081
0.03832
0.00000
0.04038
0.04048
0.04108
0.03891
0.03852
0.04049
0.04090
0.04111
0.04004
0.03961
0.03860
0.00000
0.04064
0.04019
0.03870
0.04320
0.03782
0.03761
0.04021
0.04053
0.04201
0.03862
0.03782
0.00000
0.03597
0.03933
0.04022
0.04094
0.04099
0.03892
0.03840
0.04182
0.03955
0.04161
0.03939
0.00000
0.04021
0.03847
0.04080
0.04312
0.04016
0.04139
0.04153
0.03972
0.03997
0.03908
0.04375
0.00000
0.04265
0.04068
0.04358
0.04041
0.04197
0.04035
0.03931
0.04081
0.03851
0.04250
0.03724
0.00000
0.03820
0.04067
0.04375
0.04250
0.03967
0.04081
0.03855
0.04073
0.04064
0.04028
0.04465
0.00000
0.04103
0.04231
0.03897
0.04047
0.03940
0.03923
0.03996
0.03939
0.03855
0.03775
0.04322
0.00000
0.04192
0.03908
0.03916
0.04004
0.04078
0.04081
0.03870
0.03625
0.03782
0.04173
0.04200
0.00000
0.03806
0.03877
0.04201
0.03855
0.03734
0.04338
0.04156
0.03953
0.04090
0.04070
0.03694
0.00000
0.04089
0.03787
0.04064
0.04126
0.04182
0.03832
0.03890
0.03885
0.04088
0.04165
0.04241
0.00000
0.03971
0.03789
0.04269
0.04126
0.03885
0.03948
0.04047
0.03954
0.04042
0.04017
0.04094
0.00000
0.03754
0.03877
0.04074
0.04038
0.03946
0.04222
0.03955
0.03844
0.04368
0.03897
0.03870
0.00000
0.04172
0.04145
0.03754
0.04317
0.03734
0.03849
0.04021
0.03761
0.03825
0.04055
0.04064
0.00000
0.04108
0.04073
0.04256
0.04301
0.03947
0.03790
0.03881
0.04102
0.03789
0.03946
0.03934
0.00000
0.03862
0.04419
0.04136
0.04210
0.04201
0.03837
0.03782
0.04197
0.03819
0.03823
0.04122
0.00000
0.04154
0.04021
0.03996
0.04092
0.04118
0.04055
0.04013
0.04154
0.04123
0.03844
0.03908
0.00000
0.04314
0.03860
0.04013
0.03929
0.04117
0.04136
0.04451
0.03939
0.03966
0.04156
0.03939
0.00000
0.03923
0.03988
0.03796
0.04153
0.04093
0.04090
0.04211
0.04420
0.03943
0.04241
0.03939
0.00000
0.03897
0.04026
0.03824
0.04295
0.03896
0.04073
0.04146
0.04147
0.03961
0.04188
0.04047
0.00000
0.04099
0.03827
0.04145
0.04023
0.04154
0.03855
0.04020
0.04090
0.04109
0.04108
0.04108
0.00000
0.04046
0.03923
0.04011
0.03819
0.04016
0.04019
0.04055
0.03917
0.04146
0.04171
0.03967
0.00000
0.03931
0.03612
0.03905
0.03885
0.03908
0.03694
0.03939
0.03987
0.03939
0.03967
0.03880
0.00000
0.03725
0.04099
0.03694
0.03931
0.03811
0.03803
0.03916
0.03878
0.04301
0.04152
0.04050
0.00000
0.03750
0.03618
0.03908
0.03939
0.03891
0.04004
0.03842
0.04161
0.03695
0.04017
0.04029
0.00000
0.04279
0.04077
0.03910
0.03744
0.04099
0.03973
0.03835
0.03924
0.04343
0.03812
0.04087
0.00000
0.04106
0.04663
0.04343
0.04047
0.04009
0.03811
0.04038
0.03931
0.03653
0.04181
0.03939
0.00000
0.03796
0.04027
0.04334
0.04063
0.03962
0.03916
0.03939
0.04139
0.03782
0.03955
0.03892
0.00000
0.03952
0.04108
0.04108
0.03940
0.03990
0.03925
0.03934
0.03974
0.04047
0.04004
0.04021
0.00000
0.03966
0.03853
0.04070
0.04025
0.04101
0.03840
0.04013
0.04064
0.03870
0.03721
0.03939
0.00000
0.03862
0.03939
0.03967
0.04108
0.04006
0.04230
0.03788
0.04055
0.04187
0.04021
0.04018
0.00000
0.03921
0.03825
0.04154
0.04149
0.04023
0.04108
0.04021
0.03937
0.03783
0.03840
0.03963
0.00000
0.04136
0.03990
0.03855
0.03995
0.04212
0.03900
0.04136
0.04302
0.03903
0.04047
0.03754
0.00000
0.03889
0.03939
0.03749
0.04117
0.03847
0.04195
0.03986
0.04108
0.03946
0.04163
0.04085
0.00000
0.04162
0.03727
0.03706
0.03929
0.04159
0.03741
0.04092
0.04211
0.03911
0.04342
0.04247
0.00000
0.03892
0.04072
0.03885
0.04026
0.03963
0.04055
0.04099
0.03862
0.03987
0.03963
0.04386
0.00000
0.03968
0.04047
0.04030
0.03887
0.04136
0.04031
0.03900
0.04173
0.03892
0.03840
0.03855
0.00000
0.03906
0.03891
0.03848
0.04112
0.03734
0.03931
0.04241
0.03988
0.04206
0.04002
0.04057
0.00000
0.04164
0.03857
0.03654
0.03904
0.03900
0.03955
0.03923
0.03977
0.03931
0.04319
0.04126
0.00000
0.04050
0.04226
0.04018
0.04028
0.03769
0.03952
0.04192
0.03998
0.04023
0.03840
0.03853
0.00000
0.03761
0.04120
0.03963
0.04465
0.03996
0.03924
0.04108
0.04073
0.04137
0.04021
0.03761
0.00000
0.03962
0.03724
0.03761
0.03694
0.04125
0.04021
0.04090
0.04070
0.04021
0.04038
0.03859
0.00000
0.03982
0.03761
0.03940
0.03955
0.03870
0.03887
0.04136
0.03962
0.04025
0.03861
0.03966
0.00000
0.04108
0.04141
0.03929
0.03882
0.04034
0.03783
0.03842
0.03798
0.04064
0.04057
0.04242
0.00000
0.04055
0.03847
0.04231
0.03825
0.03992
0.04221
0.03963
0.03992
0.03979
0.04013
0.04087
0.00000
0.04179
0.04324
0.04170
0.03967
0.03833
0.04299
0.04079
0.04057
0.03971
0.03951
0.03939
0.00000
0.03916
0.04250
0.03877
0.03871
0.04083
0.03923
0.03874
0.04055
0.03945
0.03754
0.04081
0.00000
0.03880
0.03951
0.04070
0.03824
0.04013
0.03870
0.04134
0.03825
0.03807
0.03963
0.03979
0.00000
0.03687
0.04261
0.04108
0.03900
0.03905
0.04090
0.03971
0.04154
0.03877
0.03991
0.04254
0.00000
0.04042
0.03910
0.03979
0.04099
0.04001
0.03996
0.04063
0.03804
0.04057
0.03886
0.04211
0.00000
0.03806
0.04004
0.04419
0.03687
0.03877
0.04115
0.04048
0.04063
0.03943
0.03947
0.03934
0.00000
0.04201
0.04013
0.03961
0.04250
0.03796
0.03789
0.03973
0.04090
0.03825
0.04123
0.04081
0.00000
0.03804
0.04029
0.04055
0.03885
0.04064
0.04090
0.03887
0.03964
0.04303
0.03939
0.04170
0.00000
0.03931
0.04073
0.03877
0.03789
0.04216
0.03963
0.04010
0.04173
0.04038
0.04108
0.03934
0.00000
0.04113
0.04244
0.04287
0.03815
0.03937
0.04010
0.03890
0.04241
0.04050
0.04052
0.04176
0.00000
0.03933
0.04013
0.04046
0.04260
0.03796
0.03719
0.03887
0.03919
0.04174
0.04084
0.03693
0.00000
0.04004
0.04021
0.04106
0.03862
0.03907
0.03918
0.04018
0.04047
0.04044
0.03959
0.03877
0.00000
0.03591
0.04032
0.03978
0.04229
0.03641
0.03947
0.03979
0.04126
0.03811
0.04062
0.03996
0.00000
0.03973
0.03933
0.04004
0.04126
0.04308
0.03698
0.04279
0.04006
0.03931
0.03636
0.03986
0.00000
0.03907
0.04168
0.03902
0.03748
0.04016
0.03996
0.04149
0.04117
0.04004
0.04130
0.04004
0.00000
0.04086
0.04108
0.03952
0.03955
0.03979
0.04090
0.03979
0.03947
0.03979
0.03938
0.04070
0.00000
0.04231
0.04143
0.03991
0.03762
0.03921
0.03949
0.03776
0.03858
0.03996
0.03870
0.03990
0.00000
0.04013
0.04260
0.03938
0.03789
0.03840
0.03707
0.03857
0.03979
0.03767
0.04073
0.03900
0.00000
0.03979
0.04047
0.03893
0.03990
0.03775
0.03955
0.04161
0.03966
0.03975
0.03930
0.03996
0.00000
0.03996
0.04154
0.03978
0.03923
0.03923
0.04312
0.03931
0.04180
0.04028
0.04061
0.03775
0.00000
0.04090
0.04232
0.04038
0.03864
0.03908
0.03860
0.04163
0.03760
0.03847
0.03955
0.03862
0.00000
0.04449
0.04162
0.04043
0.04558
0.03922
0.03936
0.03930
0.03797
0.03825
0.03835
0.04095
0.00000
0.03987
0.04099
0.03971
0.03862
0.04231
0.03751
0.04195
0.03920
0.04126
0.03869
0.04227
0.00000
0.04211
0.03931
0.03834
0.04020
0.03979
0.03866
0.03931
0.03990
0.03775
0.03955
0.03712
0.00000
0.03950
0.04159
0.03775
0.04073
0.03809
0.03877
0.03855
0.03931
0.03820
0.03807
0.04115
0.00000
0.04354
0.03923
0.04073
0.03924
0.03920
0.04154
0.03859
0.04012
0.04099
0.04094
0.03798
0.00000
0.03872
0.04050
0.03940
0.03587
0.04014
0.03762
0.04010
0.04136
0.04139
0.04068
0.03996
0.00000
0.03967
0.03923
0.03826
0.04126
0.03854
0.03976
0.03947
0.03916
0.04365
0.04046
0.03979
0.00000
0.03818
0.03896
0.03892
0.03717
0.03947
0.04099
0.03759
0.03981
0.04121
0.04354
0.03823
0.00000
0.04190
0.04081
0.03836
0.03752
0.03979
0.03996
0.04108
0.04004
0.03787
0.04007
0.04073
0.00000
0.03727
0.03939
0.03908
0.04055
0.03856
0.04190
0.04014
0.03979
0.03922
0.03871
0.04092
0.00000
0.03754
0.03985
0.03780
0.04053
0.04133
0.03691
0.04099
0.03951
0.03966
0.03947
0.04133
0.00000
0.04160
0.03996
0.03807
0.04102
0.04087
0.03947
0.03963
0.03961
0.04005
0.04110
0.03886
0.00000
0.04442
0.04128
0.03858
0.03924
0.03885
0.04028
0.04004
0.04015
0.03898
0.03939
0.04179
0.00000
0.03963
0.04128
0.04073
0.03984
0.03745
0.04090
0.04117
0.03714
0.03988
0.04013
0.04080
0.00000
0.03701
0.03956
0.03908
0.04112
0.03936
0.03812
0.04053
0.03778
0.03878
0.04154
0.03963
0.00000
0.03971
0.03908
0.03962
0.03940
0.03818
0.04031
0.04026
0.03892
0.03952
0.04040
0.03998
0.00000
0.03962
0.04223
0.04211
0.04121
0.03873
0.04275
0.03947
0.04026
0.04188
0.04192
0.03782
0.00000
0.03908
0.04029
0.04055
0.04004
0.03942
0.04085
0.04260
0.04068
0.03852
0.03979
0.03993
0.00000
0.04343
0.04047
0.04086
0.03735
0.03782
0.03916
0.03701
0.04126
0.03914
0.03996
0.04004
0.00000
0.04163
0.04307
0.04094
0.04201
0.03733
0.03741
0.03855
0.03862
0.03877
0.03834
0.04025
0.00000
0.04259
0.04110
0.03988
0.04241
0.04230
0.03809
0.03552
0.04004
0.04047
0.04013
0.04260
0.00000
0.03944
0.04193
0.04090
0.04117
0.04055
0.03990
0.03844
0.03655
0.04058
0.04040
0.03847
0.00000
0.03947
0.04238
0.04110
0.04173
0.03946
0.03969
0.04018
0.04081
0.03694
0.04063
0.03996
0.00000
0.04055
0.04032
0.04055
0.04091
0.04073
0.04136
0.03860
0.04004
0.04073
0.03776
0.04090
0.00000
0.04168
0.04013
0.04062
0.04090
0.04064
0.03952
0.03955
0.04049
0.04101
0.04420
0.03840
0.00000
0.04003
0.04013
0.04131
0.03847
0.04131
0.04096
0.04136
0.03873
0.04375
0.03971
0.04126
0.00000
0.04225
0.04055
0.03840
0.03945
0.03734
0.04109
0.03975
0.04077
0.03931
0.04355
0.03811
0.00000
0.04004
0.04213
0.03988
0.04035
0.04099
0.04049
0.03962
0.03887
0.04090
0.03807
0.04173
0.00000
0.03714
0.04124
0.04064
0.04145
0.03988
0.04096
0.03852
0.04114
0.04108
0.03894
0.03979
0.00000
0.04201
0.03985
0.03963
0.03866
0.03996
0.03988
0.04058
0.04047
0.04201
0.04250
0.03847
0.00000
0.04260
0.03885
0.04153
0.04135
0.04029
0.03979
0.04021
0.04038
0.03787
0.03947
0.04073
0.00000
0.04173
0.03985
0.03958
0.03963
0.04123
0.04386
0.04075
0.04132
0.04017
0.03843
0.04137
0.00000
0.04094
0.03995
0.04055
0.03956
0.04014
0.03797
0.03973
0.04211
0.04544
0.04055
0.03649
0.00000
0.04047
0.04027
0.03998
0.04017
0.03979
0.04038
0.03789
0.04099
0.04129
0.04168
0.03852
0.00000
0.04034
0.03971
0.04210
0.03768
0.03811
0.04004
0.04147
0.03911
0.04149
0.03971
0.03923
0.00000
0.03799
0.04241
0.03885
0.03947
0.04065
0.04064
0.04035
0.03782
0.04081
0.04030
0.04081
0.00000
0.04102
0.04108
0.04241
0.03940
0.03931
0.04263
0.04018
0.04162
0.04031
0.04122
0.03988
0.00000
0.04047
0.04021
0.03885
0.04444
0.04145
0.03979
0.03974
0.04301
0.03862
0.04013
0.04038
0.00000
0.03791
0.04069
0.03748
0.04047
0.04109
0.03900
0.03884
0.04004
0.04299
0.03912
0.03971
0.00000
0.04068
0.03821
0.03900
0.03755
0.03963
0.04223
0.04211
0.03963
0.04182
0.03957
0.04012
0.00000
0.04013
0.04051
0.04059
0.04019
0.03963
0.03838
0.04070
0.04006
0.04070
0.04028
0.03955
0.00000
0.03983
0.03746
0.04163
0.03968
0.04059
0.03899
0.03988
0.03971
0.03977
0.04139
0.04259
0.00000
0.03837
0.04004
0.03747
0.03921
0.03885
0.04066
0.03998
0.03997
0.04002
0.03963
0.04029
0.00000
0.04081
0.04003
0.04013
0.03776
0.03954
0.04079
0.03905
0.03943
0.04035
0.03979
0.04047
0.00000
0.04014
0.03981
0.03841
0.04308
0.03840
0.03777
0.03949
0.03923
0.04165
0.04082
0.03862
0.00000
0.03924
0.04174
0.03899
0.03741
0.04173
0.03916
0.03885
0.03771
0.04021
0.03998
0.03908
0.00000
0.03942
0.03948
0.03782
0.04064
0.03962
0.04040
0.03996
0.04282
0.03900
0.04021
0.03812
0.00000
0.03923
0.04091
0.04099
0.04073
0.04117
0.04103
0.03840
0.04121
0.03960
0.03877
0.04211
0.00000
0.03935
0.03804
0.03983
0.04045
0.03900
0.04082
0.04033
0.03849
0.04117
0.03872
0.04008
0.00000
0.04011
0.04126
0.04172
0.03955
0.04223
0.03940
0.04145
0.03931
0.03955
0.03739
0.03947
0.00000
0.03953
0.04073
0.03837
0.04000
0.03699
0.04172
0.03888
0.04248
0.03916
0.03924
0.03971
0.00000
0.03811
0.03909
0.04029
0.03855
0.04008
0.03955
0.04055
0.03956
0.04317
0.04213
0.04154
0.00000
0.04064
0.04045
0.03700
0.03962
0.04017
0.04111
0.03973
0.03819
0.03877
0.04170
0.04277
0.00000
0.03842
0.04064
0.04117
0.04268
0.04077
0.04325
0.03988
0.04009
0.04271
0.04108
0.03945
0.00000
0.03993
0.03900
0.04099
0.04310
0.04178
0.04192
0.03802
0.04073
0.03957
0.03972
0.03900
0.00000
0.04211
0.04027
0.04154
0.03938
0.04291
0.04149
0.03963
0.04097
0.04121
0.04153
0.03962
0.00000
0.03932
0.04163
0.04060
0.04195
0.03916
0.04090
0.04029
0.03603
0.03918
0.03727
0.04185
0.00000
0.03737
0.03847
0.03832
0.03993
0.04677
0.03962
0.03803
0.03903
0.04020
0.03735
0.03809
0.00000
0.04244
0.03922
0.04039
0.03825
0.04221
0.03947
0.04136
0.03855
0.03847
0.03878
0.03996
0.00000
0.04017
0.04095
0.04055
0.03971
0.03727
0.04163
0.04182
0.04342
0.03916
0.04004
0.03833
0.00000
0.04303
0.03863
0.03931
0.04203
0.04127
0.03729
0.03901
0.04073
0.04231
0.04055
0.04061
0.00000
0.04112
0.03892
0.03953
0.04284
0.03862
0.03855
0.03865
0.03931
0.04119
0.03909
0.03761
0.00000
0.04117
0.04138
0.03687
0.03877
0.04018
0.04048
0.03948
0.03862
0.03850
0.03927
0.03823
0.00000
0.03900
0.03830
0.04382
0.03796
0.03687
0.03790
0.03949
0.03892
0.03858
0.03808
0.03916
0.00000
0.03850
0.03939
0.03757
0.04182
0.03886
0.04055
0.03803
0.03940
0.04004
0.03971
0.04117
0.00000
0.04138
0.03781
0.03971
0.03908
0.03796
0.03955
0.03982
0.03900
0.04095
0.04099
0.03952
0.00000
0.04051
0.04089
0.04019
0.03788
0.03939
0.04063
0.03837
0.03727
0.03945
0.03916
0.03895
0.00000
0.03979
0.03940
0.03989
0.04126
0.04085
0.04021
0.04200
0.03892
0.03948
0.03908
0.04343
0.00000
0.04033
0.04197
0.04021
0.03919
0.03862
0.03980
0.03953
0.03931
0.03936
0.03835
0.04083
0.00000
0.03701
0.04055
0.04136
0.04038
0.04115
0.03877
0.03923
0.04073
0.03768
0.04132
0.03877
0.00000
0.04173
0.03881
0.03972
0.04260
0.03967
0.04297
0.03832
0.04111
0.04341
0.04078
0.03943
0.00000
0.04029
0.04125
0.04000
0.03839
0.04163
0.03779
0.04004
0.03916
0.04073
0.04134
0.03872
0.00000
0.04049
0.04271
0.03875
0.04094
0.03862
0.03779
0.04231
0.04012
0.04090
0.03796
0.04127
0.00000
0.03662
0.04239
0.04128
0.03876
0.03916
0.03919
0.04153
0.04090
0.03826
0.03788
0.04033
0.00000
0.03959
0.03989
0.04221
0.03919
0.03908
0.03908
0.03898
0.04136
0.04006
0.04230
0.04093
0.00000
0.03968
0.03963
0.03870
0.03970
0.03812
0.03953
0.04013
0.04011
0.03995
0.03773
0.03908
0.00000
0.03877
0.04099
0.03892
0.03822
0.04048
0.04047
0.03986
0.03875
0.04037
0.03933
0.03963
0.00000
0.04211
0.04136
0.04191
0.03885
0.04138
0.04221
0.03999
0.03813
0.04241
0.03988
0.03836
0.00000
0.04191
0.04081
0.04131
0.04126
0.03936
0.04022
0.03939
0.03904
0.03901
0.04067
0.03958
0.00000
0.03877
0.03940
0.04029
0.04176
0.04154
0.03955
0.03723
0.03900
0.03796
0.03971
0.03892
0.00000
0.04288
0.03755
0.04322
0.04008
0.04081
0.04138
0.04135
0.04016
0.04082
0.03929
0.03793
0.00000
0.04055
0.04425
0.04123
0.03939
0.03774
0.04249
0.03934
0.03923
0.03828
0.03972
0.03938
0.00000
0.03951
0.04260
0.04271
0.04034
0.04081
0.03823
0.04004
0.04071
0.03916
0.04038
0.04027
0.00000
0.04041
0.03779
0.04225
0.04063
0.03923
0.04099
0.04134
0.03969
0.03849
0.03947
0.03931
0.00000
0.04320
0.04192
0.03773
0.03753
0.03985
0.04206
0.03870
0.03976
0.04078
0.04130
0.03939
0.00000
0.03848
0.04407
0.04207
0.04057
0.03979
0.04041
0.04212
0.04163
0.04022
0.03936
0.04252
0.00000
0.03797
0.04113
0.03952
0.04006
0.04137
0.04122
0.03950
0.04143
0.03942
0.03909
0.04131
0.00000
0.03908
0.04062
0.03916
0.04121
0.03844
0.04021
0.04142
0.04153
0.03960
0.04029
0.03947
0.00000
0.04104
0.04243
0.04145
0.03931
0.04038
0.04029
0.04214
0.04058
0.03945
0.03897
0.03977
0.00000
0.04145
0.03996
0.03870
0.04004
0.04047
0.04081
0.03847
0.04021
0.03950
0.03897
0.03861
0.00000
0.03873
0.04002
0.04073
0.03889
0.04119
0.04054
0.04228
0.04106
0.03996
0.03936
0.03877
0.00000
0.03872
0.03996
0.04013
0.03939
0.03883
0.03804
0.04288
0.04382
0.03947
0.03903
0.04145
0.00000
0.03988
0.03761
0.04137
0.03935
0.04003
0.03908
0.03971
0.04173
0.04331
0.03825
0.04240
0.00000
0.04038
0.03761
0.04032
0.03887
0.03764
0.03906
0.04097
0.04075
0.03996
0.04166
0.03833
0.00000
0.03984
0.04055
0.03918
0.04096
0.03976
0.03889
0.04170
0.04203
0.03931
0.04231
0.03994
0.00000
0.04003
0.04183
0.04090
0.03587
0.04008
0.04055
0.03996
0.03979
0.03789
0.04261
0.04133
0.00000
0.04271
0.03990
0.03712
0.04121
0.03855
0.03939
0.03908
0.03915
0.03864
0.04001
0.04055
0.00000
0.04203
0.04021
0.04126
0.04033
0.03697
0.04126
0.04045
0.03908
0.04064
0.03761
0.04173
0.00000
0.04231
0.04231
0.04173
0.03916
0.03947
0.04193
0.03885
0.04040
0.04145
0.04175
0.03888
0.00000
0.04169
0.03876
0.03927
0.03876
0.04015
0.03862
0.03916
0.04029
0.03933
0.04008
0.03892
0.00000
0.03863
0.03747
0.04081
0.04008
0.03902
0.03910
0.03908
0.04035
0.03719
0.04163
0.03963
0.00000
0.03939
0.03782
0.03739
0.04021
0.03963
0.04182
0.04173
0.04029
0.04173
0.03832
0.04126
0.00000
0.04013
0.04099
0.03717
0.03789
0.04310
0.03979
0.03965
0.04117
0.03931
0.04476
0.03754
0.00000
0.04168
0.03796
0.04004
0.04020
0.03748
0.04203
0.04150
0.04060
0.03877
0.04262
0.04013
0.00000
0.04213
0.04171
0.03901
0.04231
0.04114
0.03662
0.03949
0.04104
0.04064
0.04017
0.04018
0.00000
0.04136
0.04032
0.04192
0.04019
0.04291
0.03955
0.03949
0.04145
0.04013
0.03879
0.03846
0.00000
0.04420
0.03923
0.04069
0.04150
0.04250
0.04017
0.03963
0.04142
0.03741
0.03979
0.03870
0.00000
0.03923
0.04209
0.03843
0.04171
0.03896
0.04162
0.03931
0.03741
0.03947
0.03879
0.03979
0.00000
0.03804
0.03914
0.04013
0.03885
0.04154
0.03845
0.03892
0.03996
0.03973
0.04128
0.04038
0.00000
0.03991
0.03923
0.03905
0.03939
0.03910
0.04108
0.03892
0.04063
0.04156
0.04049
0.03963
0.00000
0.03769
0.03840
0.04328
0.03953
0.04333
0.03748
0.04302
0.03842
0.04134
0.04089
0.03841
0.00000
0.04147
0.03825
0.03986
0.04099
0.04046
0.03789
0.04090
0.04038
0.03860
0.04182
0.03947
0.00000
0.03940
0.04008
0.03885
0.03956
0.04021
0.03945
0.03783
0.04015
0.04002
0.04108
0.03841
0.00000
0.04375
0.04119
0.03772
0.03975
0.04095
0.04262
0.04005
0.03970
0.04029
0.04139
0.03987
0.00000
0.03966
0.04365
0.03969
0.03730
0.03713
0.04093
0.04117
0.03789
0.04099
0.04099
0.04174
0.00000
0.03989
0.03864
0.03900
0.03930
0.03941
0.03877
0.03722
0.03975
0.04015
0.03748
0.04165
0.00000
0.04154
0.03775
0.04029
0.03824
0.04260
0.04038
0.03847
0.03812
0.04027
0.03939
0.03847
0.00000
0.03745
0.04023
0.04113
0.03909
0.03802
0.03875
0.03908
0.04029
0.04096
0.03995
0.04182
0.00000
0.04117
0.04034
0.03961
0.04021
0.03942
0.04063
0.04036
0.03865
0.03930
0.03939
0.04094
0.00000
0.04154
0.03900
0.04126
0.04125
0.04126
0.04108
0.03971
0.04117
0.04200
0.04250
0.03876
0.00000
0.04151
0.04298
0.04079
0.03894
0.04073
0.04180
0.04367
0.03971
0.03832
0.03943
0.04266
0.00000
0.04201
0.04099
0.04013
0.04182
0.03908
0.03971
0.03973
0.04108
0.04073
0.03857
0.03822
0.00000
0.03974
0.04136
0.04013
0.03869
0.04078
0.03862
0.04260
0.03889
0.03988
0.04004
0.03972
0.00000
0.03714
0.04020
0.04172
0.04271
0.04064
0.04165
0.04027
0.04127
0.03988
0.03783
0.04047
0.00000
0.04241
0.03971
0.04270
0.03771
0.04070
0.03907
0.03840
0.04195
0.04126
0.04095
0.03751
0.00000
0.04142
0.03931
0.03727
0.04050
0.03997
0.03866
0.03891
0.03822
0.03969
0.04130
0.04126
0.00000
0.03908
0.04090
0.03881
0.03939
0.03775
0.04108
0.03996
0.04095
0.04082
0.04047
0.03947
0.00000
0.04073
0.04032
0.04099
0.03746
0.03923
0.03797
0.04274
0.03867
0.04047
0.03937
0.04138
0.00000
0.04111
0.04324
0.04086
0.03870
0.03621
0.04053
0.03964
0.04096
0.03939
0.04002
0.03847
0.00000
0.03995
0.04192
0.04252
0.04201
0.04246
0.03717
0.03996
0.03890
0.03877
0.04047
0.04013
0.00000
0.04055
0.04091
0.03789
0.03955
0.04064
0.03976
0.03797
0.03775
0.03892
0.03918
0.03882
0.00000
0.04016
0.04019
0.03978
0.04363
0.04135
0.03900
0.04056
0.04213
0.04128
0.03694
0.04142
0.00000
0.03890
0.03770
0.04352
0.03979
0.03986
0.03923
0.04055
0.04217
0.04336
0.04155
0.03775
0.00000
0.03988
0.04136
0.04064
0.04182
0.04189
0.03715
0.03916
0.04194
0.04182
0.04183
0.04214
0.00000
0.03761
0.04034
0.04040
0.04021
0.03972
0.04030
0.03862
0.03825
0.04075
0.04033
0.04241
0.00000
0.03936
0.04012
0.04078
0.03934
0.04170
0.04064
0.03882
0.03678
0.03978
0.04197
0.03900
0.00000
0.03732
0.03986
0.04280
0.04125
0.03918
0.03880
0.03835
0.03832
0.03721
0.04167
0.03933
0.00000
0.03972
0.03904
0.04117
0.04549
0.03939
0.03901
0.03916
0.04023
0.03971
0.04130
0.03974
0.00000
0.03861
0.03988
0.03837
0.04097
0.04693
0.04004
0.04032
0.03763
0.03864
0.03960
0.04194
0.00000
0.04191
0.03748
0.04043
0.03878
0.04184
0.04067
0.03861
0.04115
0.03832
0.03862
0.04100
0.00000
0.04026
0.03849
0.03848
0.04341
0.03836
0.04081
0.03949
0.03831
0.04465
0.03688
0.03966
