0.00484
0.00753
0.01571
0.04879
0.06086
0.06746
0.06368
0.06028
0.03585
0.01819
0.00698
0.00395
0.00928
0.02667
0.05298
0.06425
0.06698
0.06527
0.06200
0.04242
0.01465
0.00561
0.00369
0.01001
0.03459
0.05448
0.06742
0.06668
0.06495
0.06019
0.04706
0.01400
0.00524
0.00359
0.01036
0.03930
0.05573
0.06346
0.06795
0.06487
0.06291
0.04697
0.01371
0.00511
0.00356
0.01056
0.04107
0.05679
0.06266
0.06440
0.06702
0.06102
0.04709
0.01349
0.00502
0.00353
0.01064
0.04245
0.05614
0.06379
0.06567
0.06391
0.06006
0.04770
0.01352
0.00503
0.00355
0.01078
0.04236
0.05611
0.06436
0.06452
0.06491
0.05897
0.04733
0.01353
0.00501
0.00353
0.01066
0.04338
0.05629
0.06600
0.06720
0.06281
0.06051
0.04758
0.01357
0.00502
0.00353
0.01069
0.04271
0.05663
0.06495
0.06487
0.06387
0.05841
0.04724
0.01347
0.00502
0.00354
0.01069
0.04399
0.05909
0.06543
0.06406
0.06179
0.05838
0.04859
0.01349
0.00500
0.00354
0.01076
0.04293
0.05684
0.06387
0.06361
0.06190
0.06080
0.04815
0.01363
0.00501
0.00354
0.01074
0.04369
0.05972
0.06295
0.06707
0.06563
0.06044
0.04748
0.01391
0.00501
0.00354
0.01084
0.04289
0.05796
0.06495
0.06547
0.06523
0.05921
0.04813
0.01371
0.00499
0.00355
0.01076
0.04399
0.05700
0.06270
0.06527
0.06479
0.05997
0.04904
0.01366
0.00501
0.00356
0.01077
0.04320
0.05773
0.06391
0.06543
0.06335
0.05687
0.04753
0.01384
0.00504
0.00356
0.01066
0.04309
0.05790
0.06295
0.06543
0.06511
0.05760
0.04704
0.01371
0.00502
0.00357
0.01086
0.04373
0.05850
0.06207
0.06759
0.06576
0.05966
0.04727
0.01377
0.00506
0.00358
0.01075
0.04208
0.05994
0.06398
0.06609
0.06425
0.05818
0.04797
0.01399
0.00505
0.00357
0.01083
0.04469
0.05830
0.06464
0.06387
0.06559
0.05994
0.04752
0.01388
0.00505
0.00357
0.01081
0.04409
0.05836
0.06256
0.06531
0.06460
0.05749
0.04791
0.01382
0.00506
0.00358
0.01080
0.04451
0.05431
0.06571
0.06596
0.06421
0.05921
0.04914
0.01395
0.00508
0.00360
0.01086
0.04455
0.05790
0.06224
0.06483
0.06266
0.05827
0.04972
0.01396
0.00507
0.00359
0.01083
0.04254
0.05870
0.06331
0.06676
0.06273
0.05596
0.04846
0.01396
0.00509
0.00361
0.01086
0.04309
0.06067
0.06249
0.06659
0.06266
0.05942
0.04783
0.01394
0.00509
0.00361
0.01090
0.04446
0.05724
0.06429
0.06448
0.06475
0.05957
0.04920
0.01402
0.00511
0.00361
0.01091
0.04386
0.05776
0.06436
0.06672
0.06440
0.05969
0.04824
0.01394
0.00511
0.00362
0.01096
0.04320
0.05804
0.06383
0.06475
0.06448
0.05838
0.04901
0.01405
0.00512
0.00361
0.01092
0.04313
0.05790
0.06429
0.06613
0.06475
0.05994
0.04824
0.01414
0.00513
0.00363
0.01098
0.04264
0.05894
0.06613
0.06531
0.06391
0.06051
0.04953
0.01399
0.00510
0.00363
0.01093
0.04349
0.05751
0.06221
0.06495
0.06483
0.05906
0.04872
0.01405
0.00514
0.00363
0.01093
0.04447
0.05844
0.06149
0.06604
0.06245
0.06060
0.04796
0.01404
0.00513
0.00364
0.01093
0.04433
0.05773
0.06456
0.06596
0.06535
0.06096
0.04808
0.01408
0.00515
0.00364
0.01104
0.04356
0.05593
0.06429
0.06394
0.06417
0.06089
0.04869
0.01420
0.00516
0.00366
0.01106
0.04341
0.05969
0.06224
0.06642
0.06547
0.06162
0.04799
0.01395
0.00516
0.00366
0.01102
0.04344
0.05779
0.06410
0.06479
0.06467
0.05732
0.04657
0.01432
0.00518
0.00366
0.01094
0.04194
0.05827
0.06547
0.06571
0.06433
0.05841
0.05010
0.01422
0.00517
0.00367
0.01111
0.04322
0.05900
0.06433
0.06448
0.06331
0.05850
0.05097
0.01430
0.00519
0.00367
0.01101
0.04363
0.05991
0.06519
0.06613
0.06238
0.05879
0.04947
0.01411
0.00517
0.00368
0.01102
0.04458
0.05793
0.06421
0.06543
0.06515
0.06035
0.04899
0.01432
0.00520
0.00368
0.01104
0.04463
0.05724
0.06284
0.06391
0.06475
0.05930
0.04889
0.01436
0.00520
0.00369
0.01106
0.04346
0.05757
0.06551
0.06527
0.06651
0.05915
0.04953
0.01442
0.00520
0.00369
0.01111
0.04383
0.05787
0.06523
0.06398
0.06368
0.05975
0.05013
0.01429
0.00520
0.00370
0.01111
0.04487
0.05606
0.06491
0.06668
0.06491
0.05948
0.05074
0.01419
0.00522
0.00371
0.01117
0.04354
0.05647
0.06410
0.06707
0.06613
0.05930
0.05063
0.01434
0.00525
0.00370
0.01114
0.04409
0.06169
0.06742
0.06499
0.06394
0.06003
0.04937
0.01417
0.00523
0.00371
0.01121
0.04472
0.05624
0.06421
0.06555
0.06511
0.06136
0.04997
0.01444
0.00523
0.00371
0.01119
0.04317
0.05838
0.06576
0.06584
0.06406
0.05790
0.04953
0.01443
0.00524
0.00372
0.01130
0.04383
0.05818
0.06491
0.06571
0.06511
0.06245
0.05061
0.01450
0.00525
0.00373
0.01124
0.04487
0.05813
0.06410
0.06613
0.06563
0.06122
0.04967
0.01451
0.00525
0.00373
0.01125
0.04397
0.05724
0.06555
0.06642
0.06224
0.05936
0.05032
0.01452
0.00526
0.00373
0.01126
0.04304
0.05807
0.06328
0.06659
0.06711
0.06162
0.04954
0.01449
0.00527
0.00375
0.01138
0.04395
0.05847
0.06617
0.06759
0.06519
0.06022
0.05033
0.01452
0.00529
0.00375
0.01122
0.04365
0.06073
0.06559
0.06724
0.06617
0.05915
0.04974
0.01453
0.00528
0.00376
0.01134
0.04573
0.05801
0.06317
0.06681
0.06580
0.06038
0.05107
0.01443
0.00529
0.00375
0.01132
0.04300
0.05754
0.06499
0.06711
0.06555
0.06038
0.04997
0.01456
0.00532
0.00376
0.01129
0.04519
0.05844
0.06460
0.06527
0.06410
0.05921
0.05107
0.01469
0.00532
0.00376
0.01135
0.04464
0.05665
0.06499
0.06394
0.06410
0.06035
0.04892
0.01454
0.00531
0.00377
0.01146
0.04535
0.05966
0.06543
0.06646
0.06387
0.06129
0.05084
0.01466
0.00532
0.00379
0.01133
0.04421
0.05708
0.06402
0.06596
0.06543
0.05994
0.05056
0.01458
0.00533
0.00378
0.01138
0.04428
0.05927
0.06200
0.06663
0.06464
0.06109
0.05103
0.01465
0.00535
0.00379
0.01140
0.04449
0.05966
0.06313
0.06651
0.06479
0.06044
0.05058
0.01456
0.00535
0.00379
0.01131
0.04494
0.05841
0.06638
0.06651
0.06383
0.05930
0.05017
0.01470
0.00536
0.00379
0.01152
0.04526
0.05870
0.06495
0.06676
0.06342
0.05978
0.04954
0.01465
0.00535
0.00380
0.01143
0.04322
0.06060
0.06596
0.06584
0.06507
0.06067
0.05048
0.01466
0.00538
0.00381
0.01137
0.04546
0.06013
0.06245
0.06655
0.06672
0.06028
0.05074
0.01473
0.00539
0.00381
0.01143
0.04570
0.05757
0.06535
0.06837
0.06379
0.06028
0.05084
0.01457
0.00538
0.00381
0.01143
0.04522
0.05830
0.06421
0.06642
0.06694
0.05963
0.04967
0.01474
0.00538
0.00382
0.01146
0.04504
0.05836
0.06391
0.06646
0.06284
0.06019
0.04869
0.01483
0.00539
0.00384
0.01162
0.04546
0.06070
0.06421
0.06584
0.06452
0.06112
0.05065
0.01482
0.00539
0.00383
0.01153
0.04380
0.06016
0.06567
0.06676
0.06672
0.05954
0.05073
0.01474
0.00541
0.00384
0.01155
0.04421
0.05981
0.06471
0.06707
0.06576
0.06057
0.05028
0.01478
0.00542
0.00384
0.01155
0.04619
0.05850
0.06288
0.06707
0.06596
0.06146
0.05130
0.01494
0.00543
0.00385
0.01168
0.04340
0.05939
0.06567
0.06742
0.06483
0.06376
0.04865
0.01488
0.00543
0.00385
0.01156
0.04565
0.06126
0.06479
0.06596
0.06483
0.05969
0.05097
0.01508
0.00543
0.00387
0.01162
0.04653
0.05762
0.06535
0.06711
0.06592
0.06067
0.05116
0.01493
0.00542
0.00387
0.01153
0.04516
0.05856
0.06543
0.06651
0.06535
0.06067
0.05013
0.01484
0.00545
0.00386
0.01166
0.04527
0.06035
0.06361
0.06555
0.06584
0.06099
0.04852
0.01495
0.00548
0.00387
0.01158
0.04489
0.05985
0.06448
0.06479
0.06467
0.05960
0.05073
0.01511
0.00545
0.00387
0.01161
0.04631
0.06179
0.06479
0.06511
0.06737
0.05847
0.05069
0.01495
0.00548
0.00389
0.01173
0.04584
0.05647
0.06433
0.06547
0.06642
0.05924
0.05046
0.01505
0.00548
0.00389
0.01166
0.04415
0.05713
0.06651
0.06764
0.06429
0.05859
0.05136
0.01514
0.00548
0.00390
0.01169
0.04559
0.05879
0.06672
0.06659
0.06543
0.06099
0.05150
0.01504
0.00549
0.00390
0.01161
0.04514
0.06129
0.06737
0.06460
0.06580
0.06070
0.05035
0.01521
0.00552
0.00391
0.01177
0.04590
0.05773
0.06436
0.06685
0.06676
0.05906
0.04930
0.01506
0.00549
0.00390
0.01184
0.04378
0.05624
0.06448
0.06511
0.06559
0.05799
0.05122
0.01508
0.00552
0.00392
0.01180
0.04485
0.06176
0.06707
0.06638
0.06252
0.05991
0.05107
0.01516
0.00553
0.00392
0.01178
0.04624
0.05930
0.06563
0.06777
0.06733
0.06086
0.04997
0.01504
0.00551
0.00392
0.01175
0.04476
0.05844
0.06456
0.06668
0.06689
0.06013
0.05082
0.01523
0.00556
0.00393
0.01183
0.04712
0.05978
0.06413
0.06681
0.06429
0.06054
0.05134
0.01515
0.00554
0.00393
0.01177
0.04591
0.05948
0.06383
0.06782
0.06444
0.06102
0.05171
0.01520
0.00555
0.00395
0.01180
0.04609
0.05960
0.06464
0.06733
0.06841
0.06044
0.05095
0.01515
0.00557
0.00395
0.01180
0.04663
0.05856
0.06519
0.06698
0.06448
0.06063
0.05026
0.01538
0.00557
0.00395
0.01183
0.04591
0.06013
0.06531
0.06689
0.06460
0.06142
0.04986
0.01539
0.00557
0.00395
0.01188
0.04518
0.06126
0.06576
0.06711
0.06685
0.05963
0.05192
0.01523
0.00560
0.00397
0.01195
0.04707
0.05897
0.06576
0.06926
0.06471
0.05927
0.05150
0.01540
0.00560
0.00398
0.01196
0.04586
0.05830
0.06694
0.06832
0.06567
0.05862
0.05368
0.01528
0.00560
0.00398
0.01182
0.04580
0.05813
0.06421
0.06711
0.06491
0.05991
0.05069
0.01512
0.00562
0.00398
0.01187
0.04615
0.05856
0.06567
0.06737
0.06368
0.06019
0.04999
0.01534
0.00562
0.00400
0.01199
0.04577
0.06156
0.06584
0.06668
0.06456
0.05981
0.05048
0.01548
0.00563
0.00399
0.01192
0.04514
0.05933
0.06694
0.06609
0.06467
0.06122
0.05022
0.01540
0.00563
0.00399
0.01205
0.04536
0.06200
0.06361
0.06617
0.06320
0.06169
0.04954
0.01546
0.00565
0.00400
0.01192
0.04593
0.05867
0.06685
0.06625
0.06651
0.06256
0.05048
0.01559
0.00564
0.00400
0.01200
0.04602
0.06013
0.06630
0.06768
0.06456
0.06217
0.04983
0.01557
0.00565
0.00401
0.01208
0.04667
0.06238
0.06580
0.06874
0.06588
0.06122
0.05067
0.01552
0.00566
0.00401
0.01203
0.04773
0.05762
0.06499
0.06646
0.06768
0.06281
0.05210
0.01541
0.00566
0.00402
0.01208
0.04629
0.05692
0.06475
0.06777
0.06625
0.06364
0.05078
0.01543
0.00568
0.00403
0.01210
0.04672
0.06129
0.06440
0.06800
0.06444
0.06421
0.05150
0.01556
0.00568
0.00404
0.01200
0.04566
0.05994
0.06368
0.06625
0.06471
0.06076
0.05177
0.01554
0.00571
0.00404
0.01210
0.04736
0.06242
0.06547
0.06782
0.06742
0.06186
0.05146
0.01570
0.00570
0.00404
0.01220
0.04691
0.05799
0.06555
0.06707
0.06777
0.06266
0.05173
0.01551
0.00568
0.00405
0.01206
0.04604
0.06162
0.06676
0.06755
0.06630
0.05975
0.05161
0.01545
0.00573
0.00405
0.01222
0.04688
0.06022
0.06448
0.06764
0.06580
0.06132
0.05224
0.01549
0.00574
0.00406
0.01214
0.04701
0.05939
0.06519
0.06531
0.06417
0.06019
0.05222
0.01556
0.00573
0.00407
0.01215
0.04608
0.06013
0.06746
0.06728
0.06600
0.06203
0.05101
0.01571
0.00576
0.00408
0.01220
0.04700
0.06044
0.06499
0.06555
0.06609
0.06176
0.05073
0.01583
0.00576
0.00407
0.01213
0.04669
0.05894
0.06402
0.06800
0.06383
0.06186
0.05043
0.01585
0.00576
0.00408
0.01223
0.04781
0.06106
0.06471
0.06777
0.06555
0.05972
0.05142
0.01575
0.00574
0.00408
0.01228
0.04609
0.06122
0.06402
0.06773
0.06361
0.06173
0.05156
0.01587
0.00578
0.00409
0.01243
0.04679
0.06166
0.06531
0.06625
0.06479
0.06176
0.05156
0.01593
0.00578
0.00410
0.01233
0.04692
0.05856
0.06372
0.06874
0.06609
0.05930
0.05224
0.01576
0.00579
0.00411
0.01232
0.04701
0.06028
0.06519
0.06860
0.06507
0.06096
0.05237
0.01582
0.00580
0.00412
0.01229
0.04667
0.06041
0.06621
0.06733
0.06782
0.06132
0.05142
0.01571
0.00579
0.00413
0.01238
0.04831
0.06035
0.06483
0.06617
0.06668
0.06166
0.05140
0.01599
0.00583
0.00412
0.01237
0.04788
0.06089
0.06531
0.06869
0.06555
0.06169
0.05326
0.01594
0.00581
0.00414
0.01238
0.04591
0.05924
0.06519
0.06999
0.06410
0.05838
0.05002
0.01601
0.00584
0.00414
0.01229
0.04615
0.06089
0.06284
0.06755
0.06625
0.06073
0.05313
0.01595
0.00582
0.00415
0.01244
0.04815
0.06186
0.06567
0.06768
0.06519
0.06106
0.05069
0.01598
0.00586
0.00415
0.01238
0.04591
0.06109
0.06715
0.06436
0.06531
0.06146
0.05161
0.01610
0.00584
0.00416
0.01241
0.04709
0.05711
0.06668
0.06733
0.06364
0.06173
0.05234
0.01614
0.00585
0.00416
0.01243
0.04663
0.06313
0.06646
0.06823
0.06728
0.06106
0.05103
0.01599
0.00585
0.00416
0.01246
0.04689
0.06070
0.06600
0.06655
0.06604
0.06041
0.05187
0.01614
0.00586
0.00417
0.01250
0.04833
0.06089
0.06483
0.06850
0.06350
0.06000
0.05302
0.01608
0.00587
0.00417
0.01257
0.04593
0.05969
0.06547
0.06837
0.06563
0.06129
0.05138
0.01604
0.00589
0.00418
0.01252
0.04783
0.06028
0.06531
0.06617
0.06406
0.06217
0.05198
0.01610
0.00591
0.00419
0.01263
0.04639
0.06073
0.06576
0.06609
0.06464
0.06238
0.05146
0.01610
0.00591
0.00419
0.01256
0.04766
0.06288
0.06698
0.06475
0.06433
0.06196
0.05372
0.01606
0.00592
0.00420
0.01271
0.04736
0.06221
0.06353
0.06584
0.06507
0.06156
0.05196
0.01608
0.00592
0.00422
0.01267
0.04733
0.06190
0.06596
0.06555
0.06467
0.05951
0.05232
0.01614
0.00594
0.00421
0.01259
0.04703
0.05942
0.06543
0.06584
0.06398
0.06016
0.05302
0.01603
0.00594
0.00423
0.01261
0.04617
0.06028
0.06421
0.06720
0.06655
0.06067
0.05411
0.01633
0.00599
0.00423
0.01261
0.04816
0.06086
0.06328
0.06878
0.06551
0.06129
0.05350
0.01623
0.00597
0.00424
0.01265
0.04812
0.05994
0.06733
0.06694
0.06507
0.06063
0.05136
0.01629
0.00595
0.00424
0.01263
0.04841
0.06086
0.06642
0.06609
0.06539
0.06306
0.05234
0.01650
0.00598
0.00424
0.01280
0.04710
0.05969
0.06663
0.06555
0.06499
0.05954
0.05306
0.01633
0.00600
0.00425
0.01274
0.04695
0.06263
0.06634
0.06737
0.06495
0.06041
0.05200
0.01627
0.00601
0.00426
0.01284
0.04709
0.06063
0.06655
0.06487
0.06368
0.06047
0.05350
0.01653
0.00601
0.00426
0.01271
0.04719
0.06245
0.06436
0.06604
0.06702
0.06099
0.05120
0.01639
0.00601
0.00427
0.01291
0.04799
0.06235
0.06535
0.06646
0.06320
0.06067
0.05253
0.01654
0.00603
0.00428
0.01280
0.04803
0.06228
0.06724
0.06535
0.06600
0.06183
0.05173
0.01650
0.00602
0.00429
0.01275
0.04781
0.06093
0.06406
0.07014
0.06543
0.06173
0.05037
0.01653
0.00605
0.00429
0.01283
0.04810
0.06203
0.06495
0.06495
0.06531
0.06186
0.05253
0.01662
0.00604
0.00430
0.01293
0.04783
0.06076
0.06711
0.06519
0.06600
0.06083
0.05241
0.01655
0.00606
0.00431
0.01285
0.04750
0.06203
0.06523
0.06646
0.06483
0.06291
0.05237
0.01635
0.00607
0.00430
0.01290
0.04954
0.06070
0.06617
0.06786
0.06592
0.06086
0.05283
0.01661
0.00612
0.00432
0.01286
0.04852
0.06025
0.06584
0.06715
0.06777
0.06126
0.05348
0.01664
0.00611
0.00434
0.01297
0.04901
0.05891
0.06681
0.06668
0.06448
0.06511
0.05306
0.01655
0.00610
0.00432
0.01291
0.04755
0.06119
0.06436
0.06646
0.06642
0.06159
0.05202
0.01658
0.00609
0.00435
0.01305
0.04759
0.06044
0.06576
0.06888
0.06596
0.06076
0.05232
0.01677
0.00611
0.00434
0.01287
0.04744
0.06309
0.06588
0.06720
0.06621
0.06413
0.05150
0.01659
0.00613
0.00436
0.01308
0.04921
0.06162
0.06604
0.06841
0.06306
0.06217
0.05241
0.01676
0.00614
0.00435
0.01294
0.04748
0.05942
0.06515
0.06707
0.06625
0.06190
0.05239
0.01665
0.00615
0.00437
0.01314
0.04764
0.06224
0.06571
0.06625
0.06689
0.06162
0.05302
0.01664
0.00616
0.00437
0.01313
0.04767
0.06259
0.06733
0.06832
0.06368
0.06263
0.05234
0.01687
0.00619
0.00438
0.01311
0.04753
0.06190
0.06357
0.06878
0.06715
0.06129
0.05478
0.01671
0.00617
0.00439
0.01322
0.04653
0.06083
0.06519
0.06773
0.06698
0.06173
0.05234
0.01660
0.00620
0.00438
0.01312
0.04753
0.06242
0.06539
0.06600
0.06804
0.06281
0.05466
0.01684
0.00620
0.00440
0.01310
0.04837
0.06146
0.06491
0.06837
0.06535
0.06242
0.05326
0.01661
0.00619
0.00441
0.01320
0.04808
0.06186
0.06527
0.06970
0.06733
0.06196
0.05291
0.01702
0.00622
0.00442
0.01321
0.04766
0.06041
0.06613
0.06630
0.06535
0.06238
0.05255
0.01700
0.00618
0.00441
0.01324
0.04908
0.06129
0.06724
0.06663
0.06576
0.06129
0.05317
0.01706
0.00623
0.00442
0.01329
0.04810
0.05903
0.06491
0.06617
0.06702
0.06217
0.05363
0.01687
0.00623
0.00443
0.01328
0.04875
0.06288
0.06655
0.06814
0.06456
0.06291
0.05138
0.01684
0.00626
0.00444
0.01329
0.04847
0.05918
0.06503
0.06809
0.06576
0.06102
0.05372
0.01713
0.00628
0.00444
0.01323
0.04901
0.06238
0.06711
0.06681
0.06507
0.06096
0.05230
0.01702
0.00627
0.00444
0.01325
0.04875
0.06152
0.06471
0.06768
0.06503
0.06210
0.05291
0.01708
0.00629
0.00447
0.01327
0.04813
0.06035
0.06471
0.06563
0.06499
0.06060
0.05296
0.01707
0.00628
0.00446
0.01329
0.04791
0.06156
0.06809
0.06676
0.06417
0.06156
0.05247
0.01715
0.00629
0.00448
0.01344
0.04988
0.06112
0.06659
0.06668
0.06711
0.06106
0.05386
0.01695
0.00632
0.00449
0.01347
0.05019
0.06054
0.06503
0.06634
0.06646
0.06245
0.05287
0.01703
0.00633
0.00449
0.01338
0.04872
0.05997
0.06777
0.06720
0.06539
0.06249
0.05339
0.01704
0.00634
0.00451
0.01340
0.04995
0.05972
0.06580
0.06663
0.06759
0.06186
0.05304
0.01723
0.00634
0.00450
0.01346
0.04867
0.06200
0.06559
0.06634
0.06689
0.06284
0.05343
0.01698
0.00636
0.00451
0.01358
0.04800
0.06109
0.06724
0.06685
0.06584
0.06044
0.05144
0.01730
0.00637
0.00452
0.01340
0.04815
0.05957
0.06588
0.06768
0.06768
0.06238
0.05279
0.01741
0.00635
0.00452
0.01349
0.05037
0.06169
0.06655
0.06519
0.06676
0.06309
0.05512
0.01735
0.00636
0.00453
0.01355
0.04997
0.06179
0.06417
0.06402
0.06634
0.06491
0.05406
0.01718
0.00638
0.00454
0.01364
0.04921
0.06003
0.06444
0.06720
0.06543
0.06309
0.05234
0.01727
0.00641
0.00455
0.01359
0.05061
0.06112
0.06672
0.06707
0.06707
0.06193
0.05335
0.01742
0.00643
0.00455
0.01366
0.04974
0.06136
0.06694
0.06634
0.06483
0.06214
0.05296
0.01726
0.00641
0.00456
0.01366
0.04857
0.06122
0.06527
0.06755
0.06786
0.06083
0.05411
0.01757
0.00643
0.00456
0.01367
0.04877
0.06162
0.06555
0.06676
0.06698
0.06173
0.05397
0.01738
0.00643
0.00458
0.01370
0.04851
0.06016
0.06511
0.06483
0.06642
0.06353
0.05311
0.01750
0.00646
0.00458
0.01361
0.04992
0.06162
0.06555
0.06567
0.06539
0.06035
0.05343
0.01747
0.00646
0.00460
0.01373
0.04920
0.05960
0.06600
0.06698
0.06452
0.06200
0.05390
0.01766
0.00645
0.00458
0.01367
0.04928
0.06102
0.06604
0.06387
0.06503
0.06402
0.05095
0.01744
0.00648
0.00460
0.01381
0.05082
0.06032
0.06702
0.06768
0.06487
0.06456
0.05386
0.01781
0.00651
0.00463
0.01372
0.05004
0.06060
0.06563
0.06777
0.06600
0.06210
0.05370
0.01784
0.00650
0.00462
0.01378
0.04960
0.06083
0.06638
0.06592
0.06672
0.06169
0.05361
0.01767
0.00649
0.00463
0.01377
0.04944
0.06266
0.06795
0.06609
0.06523
0.06210
0.05270
0.01787
0.00653
0.00463
0.01382
0.04882
0.06149
0.06361
0.06576
0.06539
0.06295
0.05388
0.01763
0.00655
0.00465
0.01373
0.05046
0.06398
0.06551
0.06724
0.06357
0.06159
0.05272
0.01771
0.00655
0.00465
0.01387
0.05101
0.06183
0.06791
0.06515
0.06580
0.06221
0.05370
0.01779
0.00655
0.00466
0.01395
0.04939
0.06139
0.06646
0.06676
0.06764
0.06467
0.05366
0.01781
0.00657
0.00467
0.01398
0.04918
0.06122
0.06604
0.06737
0.06376
0.06126
0.05337
0.01756
0.00660
0.00467
0.01383
0.04932
0.06139
0.06613
0.06676
0.06617
0.06051
0.05357
0.01812
0.00660
0.00467
0.01407
0.05048
0.06089
0.06651
0.06617
0.06523
0.06217
0.05241
0.01798
0.00659
0.00469
0.01410
0.04892
0.06149
0.06567
0.06571
0.06495
0.06291
0.05406
0.01800
0.00660
0.00470
0.01388
0.05011
0.06256
0.06777
0.06809
0.06617
0.06214
0.05332
0.01784
0.00663
0.00472
0.01402
0.05004
0.06106
0.06724
0.06715
0.06596
0.06179
0.05293
0.01791
0.00662
0.00471
0.01390
0.04956
0.06302
0.06413
0.06720
0.06588
0.06387
0.05418
0.01810
0.00666
0.00473
0.01415
0.05071
0.06281
0.06559
0.06759
0.06584
0.06379
0.05348
0.01809
0.00664
0.00474
0.01395
0.04979
0.06122
0.06681
0.06625
0.06782
0.06159
0.05395
0.01808
0.00668
0.00474
0.01424
0.05059
0.06142
0.06672
0.06768
0.06651
0.06196
0.05469
0.01823
0.00669
0.00476
0.01401
0.04918
0.06142
0.06663
0.06625
0.06681
0.06295
0.05370
0.01781
0.00668
0.00476
0.01419
0.05074
0.06309
0.06507
0.06651
0.06746
0.06467
0.05466
0.01825
0.00674
0.00476
0.01429
0.05008
0.06335
0.06907
0.06625
0.06630
0.06019
0.05619
0.01824
0.00672
0.00477
0.01434
0.04960
0.06176
0.06846
0.06625
0.06563
0.06238
0.05478
0.01795
0.00674
0.00479
0.01437
0.05001
0.06156
0.06402
0.06698
0.06846
0.06324
0.05306
0.01835
0.00674
0.00480
0.01430
0.04960
0.06335
0.06576
0.06596
0.06604
0.06413
0.05427
0.01822
0.00676
0.00481
0.01419
0.05058
0.06281
0.06495
0.06823
0.06659
0.06302
0.05429
0.01829
0.00679
0.00482
0.01435
0.05093
0.06119
0.06495
0.06837
0.06809
0.06166
0.05402
0.01833
0.00678
0.00482
0.01422
0.04909
0.06173
0.06609
0.06571
0.06720
0.06277
0.05481
0.01819
0.00679
0.00483
0.01435
0.05167
0.06342
0.06600
0.06580
0.06689
0.06116
0.05399
0.01836
0.00681
0.00483
0.01438
0.05082
0.06159
0.06720
0.06634
0.06531
0.06523
0.05541
0.01850
0.00681
0.00484
0.01448
0.05111
0.06313
0.06638
0.06702
0.06417
0.06331
0.05383
0.01822
0.00681
0.00485
0.01458
0.05074
0.06273
0.06720
0.06768
0.06672
0.06402
0.05500
0.01856
0.00684
0.00487
0.01442
0.05220
0.06475
0.06694
0.06681
0.06638
0.06270
0.05366
0.01839
0.00683
0.00488
0.01457
0.05222
0.06263
0.06764
0.06672
0.06638
0.06256
0.05462
0.01868
0.00684
0.00488
0.01445
0.05008
0.06159
0.06630
0.06634
0.06768
0.06149
0.05395
0.01838
0.00687
0.00490
0.01447
0.04981
0.06080
0.06479
0.06630
0.06429
0.06342
0.05370
0.01874
0.00692
0.00489
0.01447
0.05090
0.06159
0.06724
0.06782
0.06681
0.06196
0.05399
0.01877
0.00691
0.00491
0.01467
0.05196
0.06003
0.06651
0.06571
0.06702
0.06051
0.05251
0.01866
0.00692
0.00493
0.01475
0.04937
0.06169
0.06634
0.06728
0.06580
0.06273
0.05546
0.01857
0.00693
0.00493
0.01471
0.05002
0.06270
0.06711
0.06698
0.06584
0.06067
0.05330
0.01872
0.00697
0.00494
0.01456
0.04979
0.06190
0.06630
0.06685
0.06676
0.06156
0.05730
0.01863
0.00694
0.00494
0.01455
0.05059
0.06256
0.06638
0.06773
0.06555
0.06339
0.05586
0.01860
0.00699
0.00495
0.01474
0.05082
0.06342
0.06491
0.06668
0.06720
0.06259
0.05502
0.01865
0.00701
0.00495
0.01468
0.04976
0.06368
0.06588
0.06634
0.06543
0.06284
0.05588
0.01865
0.00701
0.00498
0.01472
0.05095
0.06372
0.06604
0.06503
0.06782
0.06339
0.05393
0.01875
0.00702
0.00497
0.01471
0.05118
0.06339
0.06634
0.06777
0.06425
0.06335
0.05462
0.01888
0.00705
0.00498
0.01483
0.05249
0.06041
0.06559
0.06668
0.06487
0.06324
0.05434
0.01900
0.00705
0.00500
0.01489
0.05198
0.06291
0.06642
0.06804
0.06646
0.06210
0.05519
0.01880
0.00700
0.00500
0.01491
0.05142
0.06364
0.06642
0.06694
0.06483
0.06093
0.05483
0.01900
0.00707
0.00501
0.01515
0.05140
0.06217
0.06672
0.06604
0.06768
0.06284
0.05541
0.01884
0.00707
0.00504
0.01502
0.05059
0.06173
0.06539
0.06746
0.06814
0.06129
0.05298
0.01918
0.00710
0.00504
0.01492
0.04928
0.06102
0.06588
0.06945
0.06584
0.06425
0.05512
0.01925
0.00710
0.00505
0.01498
0.05154
0.06259
0.06638
0.06499
0.06576
0.06270
0.05436
0.01925
0.00712
0.00505
0.01506
0.05187
0.06398
0.06596
0.06814
0.06547
0.06277
0.05474
0.01924
0.00713
0.00507
0.01517
0.05030
0.06387
0.06547
0.06584
0.06584
0.06353
0.05517
0.01920
0.00714
0.00507
0.01499
0.05113
0.06266
0.06535
0.06617
0.06715
0.06270
0.05464
0.01956
0.00716
0.00509
0.01521
0.05281
0.06200
0.06596
0.06759
0.06567
0.06406
0.05519
0.01917
0.00712
0.00508
0.01513
0.05234
0.06210
0.06715
0.06782
0.06567
0.06093
0.05553
0.01966
0.00719
0.00512
0.01525
0.05107
0.06183
0.06814
0.06912
0.06543
0.06436
0.05697
0.01953
0.00720
0.00511
0.01514
0.05095
0.06425
0.06651
0.06707
0.06746
0.06126
0.05366
0.01937
0.00721
0.00513
0.01524
0.05156
0.06284
0.06681
0.06613
0.06596
0.06266
0.05639
0.01970
0.00720
0.00514
0.01529
0.05177
0.06353
0.06547
0.06638
0.06547
0.06196
0.05415
0.01930
0.00726
0.00516
0.01525
0.05212
0.06383
0.06698
0.06931
0.06576
0.06210
0.05553
0.01978
0.00724
0.00517
0.01521
0.05241
0.06112
0.06547
0.06613
0.06715
0.06186
0.05609
0.01946
0.00728
0.00518
0.01537
0.05455
0.06295
0.06638
0.06655
0.06596
0.06291
0.05418
0.01956
0.00732
0.00518
0.01537
0.05120
0.06166
0.06613
0.06609
0.06630
0.06119
0.05785
0.01959
0.00733
0.00519
0.01528
0.05144
0.06193
0.06604
0.06621
0.06630
0.06210
0.05497
0.01955
0.00732
0.00520
0.01548
0.05317
0.06357
0.06499
0.06912
0.06698
0.06417
0.05541
0.01974
0.00734
0.00520
0.01542
0.05134
0.06291
0.06823
0.06630
0.06642
0.06313
0.05561
0.01982
0.00732
0.00522
0.01543
0.05173
0.06335
0.06742
0.06698
0.06638
0.06186
0.05581
0.01989
0.00739
0.00524
0.01562
0.05204
0.06331
0.06715
0.06795
0.06467
0.06217
0.05566
0.01990
0.00736
0.00524
0.01536
0.05255
0.06277
0.06689
0.06869
0.06531
0.06394
0.05514
0.01989
0.00738
0.00525
0.01550
0.05243
0.06231
0.06733
0.06850
0.06746
0.06235
0.05695
0.02024
0.00738
0.00528
0.01562
0.05335
0.06302
0.06764
0.06773
0.06646
0.06342
0.05502
0.01985
0.00736
0.00529
0.01555
0.05330
0.06324
0.06746
0.06804
0.06707
0.06129
0.05790
0.01997
0.00743
0.00526
0.01576
0.05264
0.06320
0.06495
0.06668
0.06425
0.06507
0.05558
0.01997
0.00743
0.00531
0.01571
0.05084
0.06176
0.06523
0.06864
0.06728
0.06224
0.05663
0.02017
0.00750
0.00530
0.01576
0.05272
0.06313
0.06406
0.06746
0.06676
0.06368
0.05573
0.02004
0.00748
0.00532
0.01577
0.05156
0.06402
0.06634
0.06617
0.06646
0.06379
0.05785
0.02002
0.00752
0.00535
0.01570
0.05136
0.06102
0.06715
0.06791
0.06559
0.06214
0.05583
0.02028
0.00752
0.00532
0.01576
0.05177
0.06284
0.06655
0.06809
0.06663
0.06217
0.05611
0.02040
0.00749
0.00536
0.01582
0.05218
0.06467
0.06559
0.06809
0.06609
0.06203
0.05588
0.02030
0.00752
0.00536
0.01575
0.05285
0.06313
0.06398
0.06804
0.06737
0.06259
0.05495
0.02025
0.00758
0.00537
0.01576
0.05128
0.06242
0.06777
0.06659
0.06596
0.06288
0.05529
0.02018
0.00759
0.00540
0.01589
0.05214
0.06433
0.06600
0.06715
0.06613
0.06156
0.05529
0.02063
0.00758
0.00539
0.01596
0.05313
0.06328
0.06659
0.06804
0.06642
0.06132
0.05619
0.02048
0.00759
0.00542
0.01585
0.05308
0.06169
0.06503
0.06668
0.06467
0.06394
0.05514
0.02049
0.00763
0.00541
0.01596
0.05397
0.06224
0.06742
0.06547
0.06487
0.06353
0.05681
0.02086
0.00764
0.00543
0.01604
0.05148
0.06339
0.06425
0.06638
0.06613
0.06391
0.05719
0.02028
0.00764
0.00546
0.01598
0.05266
0.06284
0.06592
0.06630
0.06335
0.06379
0.05551
0.02082
0.00766
0.00547
0.01605
0.05152
0.06228
0.06786
0.06547
0.06547
0.06324
0.05700
0.02089
0.00772
0.00549
0.01602
0.05249
0.06543
0.06625
0.06737
0.06638
0.06448
0.05695
0.02083
0.00766
0.00552
0.01595
0.05116
0.06357
0.06733
0.06651
0.06751
0.06028
0.05502
0.02091
0.00771
0.00551
0.01581
0.05300
0.06273
0.06613
0.06737
0.06555
0.06413
0.05650
0.02101
0.00776
0.00551
0.01612
0.05289
0.06295
0.06832
0.07004
0.06733
0.06394
0.05578
0.02091
0.00779
0.00554
0.01624
0.05285
0.06252
0.06926
0.06646
0.06547
0.06475
0.05695
0.02097
0.00779
0.00554
0.01611
0.05144
0.06410
0.06782
0.06733
0.06685
0.06456
0.05568
0.02100
0.00781
0.00555
0.01613
0.05107
0.06313
0.06559
0.06676
0.06655
0.06320
0.05591
0.02084
0.00782
0.00556
0.01612
0.05296
0.06391
0.06638
0.06634
0.06818
0.06429
0.05782
0.02126
0.00784
0.00560
0.01622
0.05146
0.06284
0.06791
0.06543
0.06742
0.06324
0.05762
0.02131
0.00785
0.00558
0.01609
0.05319
0.06609
0.06676
0.06689
0.06467
0.06425
0.05679
0.02136
0.00787
0.00562
0.01624
0.05276
0.06224
0.06604
0.06621
0.06456
0.06527
0.05740
0.02207
0.00792
0.00567
0.01611
0.05370
0.06503
0.06655
0.06600
0.06646
0.06190
0.05927
0.02212
0.00793
0.00571
0.01592
0.05152
0.06491
0.06571
0.06715
0.06507
0.06460
0.05836
0.02285
0.00803
0.00574
0.01547
0.05202
0.06112
0.06588
0.06646
0.06600
0.06309
0.05891
0.02348
0.00802
