0.03995
0.03774
0.03803
0.03869
0.04017
0.03782
0.03852
0.04143
0.04047
0.04012
0.04147
0.04006
0.03825
0.04310
0.03905
0.04075
0.04078
0.04019
0.04117
0.04149
0.03918
0.03835
0.04093
0.04044
0.03935
0.03918
0.03857
0.03615
0.04063
0.04073
0.04042
0.04137
0.03874
0.03993
0.04104
0.04025
0.03852
0.03988
0.04027
0.03878
0.04005
0.03815
0.03967
0.04085
0.03976
0.03886
0.03963
0.03983
0.04198
0.04127
0.04386
0.03881
0.03882
0.03824
0.04046
0.03990
0.03931
0.04242
0.04300
0.04198
0.04013
0.03908
0.03782
0.03712
0.03914
0.03844
0.04112
0.04040
0.04220
0.04133
0.04016
0.03923
0.04020
0.03899
0.04455
0.04153
0.04524
0.03833
0.03904
0.04009
0.04268
0.03939
0.03864
0.03975
0.04442
0.04000
0.03956
0.03996
0.03974
0.03903
0.04054
0.04027
0.04054
0.03867
0.03744
0.04179
0.04037
0.04100
0.03915
0.04013
0.04154
0.04096
0.04178
0.04189
0.04084
0.03839
0.03871
0.04158
0.04016
0.04034
0.04163
0.04134
0.04044
0.03714
0.03740
0.03857
0.04221
0.04117
0.03917
0.03819
0.03998
0.04030
0.03837
0.04126
0.04174
0.04317
0.04242
0.04075
0.04110
0.04120
0.03940
0.03949
0.03934
0.04127
0.04097
0.03934
0.03441
0.03721
0.04373
0.04193
0.03910
0.04005
0.03933
0.04051
0.03715
0.03486
0.03943
0.04365
0.03862
0.04145
0.04206
0.04010
0.03833
0.04003
0.04061
0.04077
0.04105
0.04273
0.03955
0.04081
0.03868
0.03776
0.03891
0.03942
0.04298
0.03923
0.04008
0.04179
0.03993
0.03856
0.03807
0.04143
0.04149
0.04347
0.04135
0.04123
0.04189
0.04238
0.03995
0.03901
0.04182
0.04090
0.04089
0.04026
0.04037
0.03957
0.03781
0.04143
0.03731
0.04139
0.03762
0.04006
0.03760
0.03800
0.04062
0.04078
0.04179
0.04004
0.04291
0.04140
0.03991
0.03873
0.03971
0.03840
0.03988
0.04153
0.04080
0.04141
0.03813
0.04021
0.03957
0.03853
0.04014
0.03689
0.03998
0.03764
0.03722
0.04293
0.03997
0.04065
0.03770
0.03868
0.04207
0.03891
0.04022
0.04050
0.04136
0.04217
0.04208
0.04257
0.04337
0.03897
0.03859
0.03931
0.04057
0.04025
0.03842
0.04011
0.03905
0.03842
0.03940
0.04023
0.03891
0.03907
0.03835
0.04079
0.03831
0.03970
0.04188
0.03957
0.04132
0.03785
0.04150
0.04008
0.03886
0.04272
0.04110
0.04273
0.03823
0.03794
0.03886
0.03747
0.04122
0.04288
0.04073
0.03968
0.03799
0.04002
0.03983
0.03986
0.03963
0.04216
0.03874
0.03918
0.03809
0.04003
0.03970
0.03940
0.03747
0.03943
0.03843
0.04087
0.03963
0.04087
0.04419
0.04214
0.03921
0.04086
0.03997
0.04206
0.03953
0.03885
0.04107
0.03860
0.03900
0.04154
0.04163
0.03945
0.04269
0.04017
0.04131
0.04037
0.04047
0.04152
0.04360
0.04118
0.04031
0.03931
0.03937
0.03803
0.03999
0.03920
0.03972
0.04229
0.03721
0.03510
0.03789
0.04112
0.03899
0.04036
0.03766
0.03770
0.03972
0.03916
0.03990
0.04049
0.04041
0.03836
0.04109
0.04249
0.03937
0.03968
0.03957
0.03941
0.04166
0.03918
0.04178
0.04057
0.04070
0.04236
0.04029
0.04225
0.03979
0.03995
0.03962
0.04575
0.03869
0.03796
0.03838
0.03950
0.04169
0.04199
0.03966
0.04052
0.04066
0.03957
0.04286
0.04509
0.03847
0.04111
0.04235
0.03935
0.03900
0.04003
0.04130
0.04120
0.03937
0.04134
0.04056
0.03661
0.04054
0.04047
0.04038
0.04183
0.03787
0.03906
0.03863
0.04110
0.04122
0.03839
0.04173
0.04550
0.04226
0.03891
0.03608
0.04188
0.04274
0.04128
0.03842
0.04165
0.04021
0.04020
0.04449
0.04000
0.03961
0.04125
0.04031
0.03837
0.03897
0.03907
0.03950
0.04043
0.03929
0.03923
0.04014
0.04184
0.04103
0.03967
0.04022
0.04261
0.04285
0.04173
0.04081
0.04115
0.03978
0.03841
0.04031
0.03837
0.04110
0.04160
0.03966
0.04175
0.04080
0.03981
0.04073
0.04129
0.04172
0.03832
0.04123
0.03854
0.04039
0.04073
0.04016
0.03772
0.03705
0.03772
0.04038
0.04186
0.04004
0.03803
0.03902
0.03932
0.03864
0.03866
0.04128
0.04157
0.04258
0.04021
0.04121
0.04062
0.04081
0.04187
0.03985
0.04181
0.04024
0.04221
0.04148
0.04089
0.03979
0.03964
0.03921
0.04003
0.03854
0.03888
0.04029
0.03802
0.04023
0.03850
0.03894
0.03924
0.04084
0.04231
0.04377
0.03918
0.04039
0.04138
0.03775
0.04083
0.03933
0.03801
0.04065
0.04086
0.04171
0.03724
0.04083
0.04071
0.03935
0.04171
0.04183
0.03923
0.03797
0.04231
0.04003
0.03964
0.04084
0.04152
0.04397
0.03960
0.03754
0.03858
0.03748
0.03974
0.04021
0.04304
0.04240
0.03831
0.03837
0.03967
0.04025
0.03769
0.03800
0.03693
0.04284
0.03974
0.03789
0.04173
0.04141
0.03988
0.03894
0.04005
0.04007
0.04296
0.04091
0.03963
0.03795
0.04222
0.04072
0.03937
0.04066
0.03794
0.03862
0.03750
0.04087
0.04017
0.04340
0.03864
0.03996
0.04022
0.04289
0.04253
0.04231
0.03990
0.04163
0.04186
0.03888
0.04004
0.04147
0.03876
0.04195
0.04207
0.03998
0.03872
0.03843
0.04077
0.03939
0.03655
0.03712
0.04144
0.04099
0.04103
0.04141
0.03801
0.04020
0.04184
0.04050
0.03845
0.04066
0.03797
0.04033
0.04046
0.03938
0.03931
0.04253
0.04335
0.04293
0.04003
0.03887
0.03879
0.03951
0.03920
0.04082
0.03985
0.04045
0.04029
0.03643
0.03970
0.04034
0.04061
0.04188
0.04124
0.03821
0.03840
0.03934
0.03888
0.03954
0.03984
0.04081
0.03843
0.03722
0.03710
0.03881
0.03832
0.03887
0.04313
0.04120
0.03789
0.03871
0.03896
0.04112
0.03972
0.03839
0.03789
0.03916
0.03881
0.04100
0.04212
0.03972
0.04070
0.04122
0.03811
0.03744
0.03961
0.04332
0.04196
0.04212
0.04052
0.04112
0.03997
0.04209
0.04263
0.04084
0.04139
0.04037
0.04005
0.04061
0.03984
0.04048
0.04263
0.04251
0.04056
0.03994
0.03915
0.04140
0.04107
0.03802
0.03820
0.03705
0.04250
0.04011
0.03923
0.03628
0.03776
0.03859
0.04265
0.03861
0.03995
0.04391
0.04152
0.04131
0.04211
0.03990
0.04279
0.03959
0.04177
0.04156
0.04322
0.04293
0.03837
0.03999
0.03891
0.03771
0.04154
0.04117
0.04266
0.04056
0.04063
0.03908
0.04019
0.03870
0.03948
0.03876
0.03743
0.03885
0.03786
0.03748
0.04267
0.04292
0.03999
0.03898
0.04149
0.04159
0.04104
0.04116
0.03983
0.04318
0.04134
0.04093
0.04071
0.04051
0.04199
0.04082
0.03976
0.04114
0.03941
0.04168
0.04125
0.03981
0.03711
0.03975
0.04089
0.04030
0.03825
0.04201
0.03875
0.03950
0.04155
0.03862
0.03976
0.03956
0.03995
0.04035
0.03937
0.03841
0.03875
0.04270
0.03991
0.04091
0.04093
0.04311
0.04137
0.04081
0.04247
0.04159
0.04249
0.04124
0.03811
0.04119
0.03964
0.04109
0.04133
0.03886
0.04221
0.04268
0.04145
0.04032
0.03984
0.03995
0.04032
0.04075
0.03911
0.03915
0.03998
0.03978
0.04090
0.04151
0.03926
0.03859
0.03961
0.03992
0.03802
0.04086
0.03943
0.03809
0.03937
0.03892
0.03914
0.04000
0.04076
0.04261
0.04006
0.04010
0.04100
0.04201
0.04212
0.04217
0.03811
0.04331
0.04252
0.04119
0.04074
0.04194
0.04109
0.04056
0.04319
0.03989
0.04005
0.04076
0.04067
0.03781
0.04034
0.04088
0.04100
0.03863
0.03988
0.04154
0.04319
0.04240
0.03977
0.03831
0.03855
0.04073
0.04015
0.04090
0.03951
0.03989
0.03887
0.04048
0.04113
0.04355
0.04158
0.03842
0.03716
0.04187
0.03918
0.04126
0.03907
0.03721
0.03958
0.03754
0.03962
0.03961
0.04117
0.04129
0.04210
0.04110
0.03802
0.04125
0.04018
0.03862
0.03992
0.04047
0.03957
0.04026
0.03852
0.03921
0.04060
0.03932
0.04235
0.03927
0.03855
0.03895
0.04156
0.03814
0.04194
0.03968
0.03706
0.03888
0.04199
0.04265
0.04129
0.04270
0.04513
0.04161
0.03862
0.03832
0.04107
0.04020
0.04420
0.03953
0.04011
0.04075
0.04087
0.04352
0.04081
0.03877
0.04354
0.03999
0.04208
0.04075
0.03972
0.04397
0.03987
0.04063
0.04174
0.04148
0.04005
0.04041
0.04219
0.03874
0.03847
0.03819
0.03910
0.04011
0.04010
0.04078
0.04073
0.03994
0.03954
0.04099
0.04199
0.04164
0.04029
0.04208
0.03953
0.03831
0.03943
0.03983
0.03886
0.03775
0.04088
0.03906
0.04259
0.04387
0.03885
0.03919
0.04224
0.03882
0.04016
0.04239
0.04351
0.04048
0.04167
0.04185
0.03821
0.04179
0.03893
0.03876
0.03883
0.04053
0.04176
0.04049
0.04015
0.04115
0.04071
0.04169
0.04161
0.03958
0.04046
0.04059
0.03846
0.03741
0.03966
0.03934
0.04061
0.04082
0.04020
0.04158
0.04213
0.03951
0.04036
0.03976
0.03931
0.04214
0.04161
0.03951
0.04069
0.04244
0.04217
0.03920
0.03687
0.04066
0.04192
0.04003
0.04023
0.04097
0.04043
0.03948
0.04115
0.03889
0.04109
0.04116
0.04149
0.04107
0.04043
0.04033
0.04182
0.03892
0.03966
0.04082
0.04000
0.03908
0.04228
0.04060
0.04391
0.04168
0.04277
0.04265
0.03995
0.03860
0.04277
0.04060
0.04009
0.03920
0.04037
0.03831
0.03809
0.03943
0.03837
0.04062
0.04055
0.04031
0.03945
0.03926
0.04121
0.03810
0.04233
0.04016
0.03933
0.03937
0.04185
0.04239
0.04261
0.04447
0.04182
0.04057
0.04014
0.04021
0.04120
0.04001
0.03844
0.04052
0.03945
0.04225
0.03946
0.03983
0.04129
0.04012
0.04089
0.04123
0.03782
0.03824
0.03987
0.03837
0.04469
0.04085
0.04265
0.03931
0.04038
0.04016
0.03885
0.03967
0.04154
0.03903
0.03924
0.04469
0.03969
0.04054
0.04059
0.03787
0.03922
0.04208
0.04138
0.04012
0.03908
0.03957
0.03691
0.03814
0.04117
0.04093
0.03868
0.03908
0.03877
0.04122
0.03959
0.03916
0.04084
0.03886
0.03863
0.04223
0.04113
0.04200
0.04662
0.04126
0.04017
0.04145
0.04053
0.03905
0.04077
0.04039
0.04083
0.04067
0.04187
0.03928
0.03806
0.04035
0.03971
0.03762
0.03740
0.03956
0.04200
0.04227
0.04018
0.04165
0.04149
0.03945
0.04247
0.04020
0.04006
0.04081
0.04141
0.04051
0.04016
0.04055
0.03895
0.03970
0.04064
0.04110
0.03877
0.04301
0.04344
0.04163
0.04313
0.04282
0.04381
0.03987
0.04034
0.03925
0.03899
0.03701
0.03930
0.04004
0.04016
0.03930
0.03835
0.04031
0.04157
0.04344
0.04019
0.03746
0.03917
0.03999
0.03964
0.03884
0.04124
0.04096
0.03949
0.03730
0.04049
0.03950
0.03924
0.04012
0.04053
0.03683
0.04107
0.04481
0.03988
0.04075
0.03919
0.04035
0.03979
0.04052
0.04190
0.04121
0.03902
0.03908
0.04007
0.03947
0.04013
0.03911
0.04192
0.04074
0.03908
0.04178
0.03937
0.03938
0.03772
0.03944
0.03980
0.03989
0.04077
0.04058
0.03994
0.03803
0.03949
0.03996
0.03900
0.03968
0.04118
0.04075
0.04059
0.03797
0.03837
0.03847
0.04012
0.03954
0.03951
0.03888
0.03947
0.04600
0.04064
0.04293
0.04078
0.03999
0.04074
0.03739
0.03727
0.03774
0.03931
0.03898
0.04255
0.04097
0.04136
0.04423
0.03917
0.03853
0.04123
0.03817
0.03776
0.04224
0.04072
0.04268
0.03868
0.04038
0.04051
0.04277
0.04278
0.04133
0.04301
0.04079
0.04098
0.04030
0.03923
0.04008
0.04336
0.04073
0.03963
0.04097
0.03874
0.04173
0.04218
0.03894
0.03771
0.03957
0.03933
0.03946
0.04153
0.04106
0.04236
0.04176
0.04209
0.04097
0.04236
0.04012
0.03884
0.04202
0.04078
0.04022
0.04028
0.04048
0.04006
0.04013
0.04128
0.04097
0.04167
0.03807
0.04044
0.03898
0.04070
0.03889
0.04112
0.03892
0.04300
0.04123
0.03987
0.03970
0.04106
0.04219
0.03933
0.03742
0.03827
0.04122
0.04167
0.03973
0.04377
0.04217
0.03870
0.03942
0.03747
0.03813
0.03815
0.03948
0.04043
0.04112
0.04091
0.04090
0.04126
0.03761
0.03881
0.04004
0.03969
0.04086
0.03888
0.03759
0.03855
0.03879
0.04299
0.03993
0.04115
0.03705
0.03977
0.04090
0.04196
0.03899
0.03863
0.03987
0.04127
0.03948
0.04068
0.04468
0.04386
0.03928
0.03974
0.03801
0.03928
0.04209
0.03935
0.04007
0.03900
0.03844
0.04036
0.04034
0.04281
0.03978
0.03921
0.03841
0.04063
0.03947
0.03945
0.03844
0.03833
0.04037
0.04018
0.04135
0.04175
0.03934
0.04110
0.04177
0.04163
0.04197
0.04301
0.04210
0.03948
0.03925
0.03998
0.04005
0.03988
0.03806
0.04022
0.04000
0.03808
0.03895
0.04164
0.03886
0.04027
0.03940
0.03983
0.03956
0.04024
0.03936
0.04027
0.04038
0.03999
0.03894
0.03955
0.04227
0.04152
0.04373
0.04048
0.04151
0.03796
0.03885
0.03921
0.04060
0.04088
0.04041
0.03993
0.03919
0.04209
0.04012
0.04058
0.04162
0.04113
0.03952
0.03731
0.03606
0.04549
0.04122
0.04030
0.03885
0.04017
0.03955
0.04273
0.04004
0.04003
0.03929
0.03934
0.03822
0.03952
0.03736
0.03890
0.04080
0.04093
0.04333
0.04041
0.03964
0.04117
0.04041
0.03938
0.04073
0.03868
0.04019
0.04147
0.04199
0.03921
0.04006
0.03919
0.03997
0.04119
0.03957
0.04017
0.04085
0.04008
0.03937
0.03867
0.04132
0.03896
0.03767
0.04156
0.04170
0.04123
0.04013
0.04267
0.03955
0.03709
0.03996
0.04025
0.03855
0.04125
0.04068
0.03848
0.03946
0.03796
0.04054
0.03817
0.03890
0.04218
0.04106
0.04188
0.04036
0.04059
0.03947
0.04029
0.03926
0.03831
0.03716
0.03721
0.03966
0.04026
0.03983
0.03878
0.03804
0.03982
0.04026
0.04402
0.04267
0.04216
0.03988
0.03829
0.03876
0.04069
0.04150
0.04072
0.03999
0.03873
0.03768
0.03779
0.03799
0.03854
0.03811
0.04270
0.03936
0.04002
0.03877
0.03791
0.03953
0.03875
0.03851
0.03989
0.04023
0.04014
0.04237
0.04179
0.03951
0.03574
0.03908
0.03918
0.03906
0.03973
0.03963
0.03877
0.03772
0.03816
0.04015
0.04155
0.04326
0.03968
0.03941
0.03934
0.03991
0.03825
0.04064
0.04182
0.04206
0.04140
0.03809
0.03991
0.04158
0.04102
0.03915
0.03965
0.04117
0.03903
0.04112
0.04172
0.03975
0.03992
0.03950
0.04148
0.04403
0.04394
0.04294
0.04219
0.03933
0.04260
0.03970
0.04098
0.03973
0.04034
0.04130
0.03954
0.03878
0.03988
0.03748
0.03815
0.03845
0.03839
0.03855
0.03847
0.04000
0.04155
0.03877
0.04012
0.04021
0.03995
0.04102
0.04061
0.03805
0.04140
0.03954
0.03969
0.03971
0.03889
0.03756
0.04374
0.03939
0.04058
0.03867
0.04146
0.04135
0.04114
0.04039
0.04336
0.03911
0.04097
0.04080
0.03953
0.03977
0.03966
0.03883
0.03909
0.03988
0.03837
0.04019
0.03817
0.03751
0.03931
0.03739
0.03714
0.04366
0.04221
0.04102
0.04052
0.04071
0.03812
0.03980
0.04420
0.04003
0.03972
0.04451
0.03912
0.03795
0.03957
0.03959
0.03965
0.04028
0.03853
0.03888
0.03857
0.04142
0.04043
0.03896
0.03880
0.03908
0.03862
0.03931
0.03860
0.03989
0.04000
0.03755
0.03708
0.04083
0.04128
0.04088
0.04029
0.04066
0.04163
0.03990
0.04187
0.04196
0.04289
0.04026
0.03901
0.04180
0.03908
0.04147
0.04517
0.04110
0.03948
0.04306
0.04060
0.04041
0.04096
0.03934
0.03764
0.04139
0.04235
0.04144
0.04085
0.03694
0.03927
0.04044
0.04041
0.04048
0.03967
0.03963
0.03950
0.04223
0.04235
0.03903
0.03675
0.03831
0.04131
0.04108
0.04437
0.03892
0.03706
0.04041
0.04025
0.03889
0.03878
0.04229
0.03841
0.03787
0.03861
0.04005
0.04061
0.03897
0.04183
0.04100
0.04046
0.04268
0.03878
0.04041
0.04226
0.03964
0.03894
0.03900
0.04233
0.04065
0.04327
0.04061
0.04398
0.04045
0.04189
0.04143
0.04049
0.03806
0.03862
0.04262
0.03859
0.03852
0.03844
0.04016
0.04090
0.04199
0.03968
0.03754
0.03780
0.04022
0.03782
0.03804
0.03752
0.03941
0.03981
0.03934
0.04214
0.03940
0.04168
0.03877
0.04000
0.03953
0.04006
0.03928
0.04083
0.03992
0.04142
0.04014
0.04109
0.04312
0.04140
0.04283
0.04305
0.04178
0.04081
0.04114
0.04175
0.03758
0.04127
0.03980
0.03790
0.03820
0.03888
0.04000
0.04082
0.03925
0.04140
0.03995
0.03920
0.04135
0.04184
0.03880
0.04118
0.03838
0.03968
0.03863
0.03892
0.03924
0.03866
0.04170
0.04090
0.04027
0.04041
0.04312
0.04000
0.04156
0.04099
0.04028
0.04057
0.03777
0.03802
0.03933
0.03916
0.03991
0.03822
0.03886
0.03945
0.03860
0.03900
0.03982
0.03861
0.04136
0.04147
0.04004
0.03982
0.04013
0.03994
0.03655
0.03893
0.03982
0.04035
0.03937
0.03757
0.04116
0.04099
0.04006
0.03990
0.03909
0.04070
0.03989
0.03940
0.03841
0.04000
0.04042
0.04026
0.04306
0.03837
0.03899
0.04201
0.03862
0.04112
0.03990
0.04084
0.04250
0.04195
0.03912
0.03789
0.03977
0.04082
0.03960
0.03981
0.03867
0.04064
0.04064
0.04248
0.03875
0.03879
0.03778
0.03827
0.04008
0.03855
0.04052
0.03996
0.04116
0.04361
0.04089
0.03794
0.04034
0.03910
0.03920
0.03630
0.03923
0.04048
0.04055
0.03887
0.04012
0.03986
0.03850
0.03877
0.04157
0.03909
0.03944
0.04256
0.04155
0.04145
0.04138
0.03882
0.04012
0.04045
0.03713
0.03971
0.03875
0.04071
0.03897
0.03915
0.04194
0.04265
0.03896
0.04100
0.04367
0.04024
0.04038
0.04170
0.04206
0.04166
0.03800
0.03739
0.03831
0.04137
0.03946
0.04144
0.04006
0.03682
0.03659
0.03886
0.03962
0.03979
0.04097
0.03955
0.03896
0.04146
0.04221
0.04045
0.04284
0.03973
0.04252
0.04338
0.04104
0.03874
0.03834
0.04007
0.03849
0.03951
0.03946
0.03945
0.04188
0.04105
0.03850
0.04020
0.04259
0.03767
0.03712
0.03851
0.03960
0.03733
0.03731
0.04108
0.03865
0.03852
0.04048
0.04027
0.04267
0.03797
0.03754
0.03869
0.04291
0.04392
0.03984
0.03846
0.03949
0.03924
0.03984
0.04026
0.03924
0.03955
0.03802
0.03994
0.04015
0.04324
0.04173
0.04125
0.04171
0.04030
0.03925
0.04051
0.04125
0.04189
0.04210
0.03948
0.04035
0.03961
0.04057
0.03891
0.03974
0.04210
0.03940
0.03899
0.04042
0.04407
0.04285
0.04207
0.03791
0.03782
0.03851
0.03884
0.04025
0.03855
0.03801
0.04063
0.04180
0.03817
0.03951
0.04230
0.04212
0.03624
0.03716
0.04230
0.04279
0.04080
0.04137
0.03893
0.04124
0.04365
0.04187
0.04128
0.04051
0.03893
0.04006
0.04054
0.04173
0.04202
0.04217
0.04115
0.03893
0.03972
0.04006
0.04041
0.04163
0.04055
0.04112
0.03905
0.03816
0.04126
0.04004
0.03992
0.04174
0.04108
0.04042
0.03907
0.03863
0.03999
0.03963
0.04145
0.04090
0.03972
0.04128
0.04275
0.03925
0.03860
0.04045
0.04234
0.04309
0.03878
0.03960
0.03990
0.04271
0.04018
0.04135
0.04321
0.04046
0.04282
0.04201
0.04019
0.04031
0.03885
0.04454
0.04272
0.03999
0.04178
0.04056
0.04167
0.04124
0.03937
0.03911
0.04105
0.04257
0.04227
0.04093
0.04006
0.04033
0.03916
0.04228
0.04048
0.04136
0.04186
0.04283
0.04144
0.03999
0.04072
0.04022
0.04106
0.04093
0.03871
0.04016
0.04056
0.04107
0.03936
0.03853
0.04089
0.04002
0.04159
0.04121
0.04571
0.03901
0.04075
0.04086
0.04160
0.04162
0.03973
0.04125
0.04251
0.04139
0.04027
0.03939
0.04083
0.03989
0.04003
0.04177
0.04043
0.04091
0.04240
0.03929
0.03870
0.03971
0.04023
0.04246
0.03903
0.03934
0.03872
0.03976
0.04073
0.04005
0.03935
0.03928
0.03931
0.03986
0.04081
0.04068
0.04138
0.04066
0.03670
0.04179
0.03911
0.03876
0.03946
0.04088
0.03902
0.03990
0.03757
0.03828
0.04164
0.04277
0.04042
0.04038
0.04107
0.03999
0.03877
0.03761
0.04098
0.04363
0.04243
0.04004
0.03966
0.03825
0.04059
0.03862
0.04034
0.04105
0.04237
0.03898
0.04124
0.03888
0.04309
0.04167
0.04265
0.03644
0.03892
0.04124
0.03986
0.04067
0.04049
0.04175
0.03992
0.03892
0.04507
0.04068
0.03953
0.03798
0.04076
0.04191
0.03945
0.04163
0.04057
0.03924
0.04132
0.04192
0.03813
0.04144
0.04150
0.03970
0.04145
0.03774
0.03817
0.03768
0.04041
0.04152
0.04164
0.04230
0.03786
0.03898
0.03861
0.03951
0.03975
0.03885
0.03775
0.04003
0.04384
0.04058
0.04119
0.03892
0.03879
0.03868
0.04081
0.03849
0.04192
0.04207
0.04110
0.04211
0.03944
0.03985
0.03876
0.04099
0.04178
0.04235
0.04195
0.03717
0.03895
0.04085
0.04054
0.04073
0.04119
0.04028
0.03877
0.03923
0.04057
0.03972
0.03923
0.04061
0.03916
0.03916
0.04009
0.04256
0.03858
0.03936
0.03960
0.03747
0.03936
0.03933
0.04034
0.04036
0.04211
0.03988
0.04025
0.04215
0.03960
0.03916
0.03848
0.03956
0.03900
0.04073
0.04107
0.04104
0.04206
0.04026
0.04177
0.03980
0.03756
0.03825
0.04023
0.03973
0.03725
0.03957
0.03815
0.04120
0.03956
0.03923
0.03990
0.04055
0.04070
0.04269
0.04027
0.04101
0.04061
0.04133
0.04089
0.03825
0.03964
0.04006
0.04080
0.03888
0.04015
0.03951
0.03979
0.03766
0.03635
0.03999
0.03751
0.03866
0.04015
0.04226
0.04332
0.04154
0.04110
0.03849
0.04301
0.04288
0.03936
0.04200
0.04111
0.03982
0.03896
0.03924
0.03750
0.04000
0.03996
0.03931
0.04104
0.03946
0.04059
0.04007
0.04118
0.04329
0.03958
0.04017
0.04089
0.04147
0.04118
0.03917
0.04024
0.03904
0.03995
0.04109
0.03808
0.03794
0.03829
0.03810
0.03836
0.04123
0.04034
0.04089
0.03993
0.03769
0.03681
0.03671
0.03985
0.03898
0.03889
0.04199
0.04144
0.04100
0.04395
0.04178
0.04002
0.03932
0.04066
0.04047
0.03962
0.04080
0.04001
0.04074
0.04270
0.04117
0.04004
0.04029
0.03999
0.04309
0.04354
0.04189
0.04111
0.04099
0.04037
0.04072
0.04249
0.03795
0.04128
0.03941
0.03928
0.03986
0.04163
0.03954
0.03865
0.04010
0.04082
0.03857
0.03820
0.04173
0.04250
0.04081
0.03900
0.04119
0.04223
0.04001
0.03792
0.04143
0.04054
0.03955
0.04189
0.03741
0.03687
0.03931
0.03924
0.03761
0.03922
0.03946
0.03706
0.03681
0.04009
0.03983
0.04056
0.04029
0.03970
0.04218
0.04194
0.03811
0.03685
0.04059
0.04036
0.03641
0.04285
0.03898
0.03934
0.04149
0.04052
0.04042
0.04207
0.04268
0.03949
0.03970
0.03947
0.04207
0.04100
0.04142
0.04102
0.03804
0.03899
0.04110
0.04443
0.04074
0.04212
0.04118
0.04178
0.04087
0.04071
0.04196
0.04074
0.03843
0.03942
0.04252
0.04037
0.04021
0.03858
0.04009
0.03823
0.03684
0.04026
0.03947
0.03839
0.04023
0.03905
0.04024
0.04147
0.03778
0.04042
0.04122
0.04136
0.03753
0.03909
0.04002
0.03981
0.04128
0.03828
0.03808
0.04217
0.04103
0.03793
0.04047
0.04034
0.03678
0.03722
0.03743
0.03939
0.04090
0.03745
0.04181
0.04007
0.04062
0.03802
0.03829
0.03721
0.04138
0.04083
0.04001
0.04076
0.03974
0.04021
0.03919
0.03923
0.03924
0.03829
0.04071
0.04129
0.04093
0.03983
0.04287
0.03980
0.03797
0.04100
0.03810
0.04109
0.04046
0.04340
0.04350
0.03889
0.03740
0.03847
0.03903
0.03997
0.04052
0.04286
0.04104
0.03957
0.03952
0.03943
0.04175
0.03861
0.03867
0.03733
0.04068
0.03696
0.03959
0.03913
0.03876
0.03894
0.03825
0.04005
0.03735
0.03567
0.04015
0.04108
0.04299
0.03989
0.04330
0.04085
0.04199
0.04018
0.03840
0.04130
0.04186
0.04039
0.04176
0.03815
0.04128
0.03774
0.04007
0.03867
0.03932
0.04081
0.04001
0.03979
0.04013
0.03914
0.03988
0.04161
0.04143
0.03955
0.03843
0.04045
0.03782
0.03840
0.04009
0.04001
0.04173
0.03783
0.04070
0.04189
0.03978
0.04021
0.03931
0.04031
0.04149
0.03966
0.03979
0.03923
0.04127
0.03976
0.04166
0.03754
0.03846
0.03667
0.03910
0.04443
0.03754
0.03717
0.03999
0.03776
0.03804
0.04016
0.03979
0.03892
0.04105
0.03993
0.03930
0.03945
0.03922
0.04146
0.04104
0.03964
0.04073
0.03858
0.03911
0.03789
0.03965
0.04013
0.04195
0.03851
0.03931
0.04271
0.04295
0.04058
0.03972
0.04000
0.04054
0.03793
0.04013
0.04211
0.03776
0.03778
0.03958
0.04157
0.04262
0.03893
0.03885
0.03975
0.04057
0.04024
0.04003
0.04205
0.03846
0.03974
0.04188
0.04169
0.04119
0.04071
0.03963
0.04097
0.04004
0.03870
0.03785
0.04055
0.03959
0.03866
0.03989
0.04192
0.04028
0.04047
0.04014
0.04160
0.04094
0.04085
0.04003
0.04452
0.03996
0.04017
0.04016
0.03989
0.04158
0.04109
0.04004
0.04060
0.03940
0.03649
0.03975
0.04139
0.04324
0.03862
0.04047
0.04209
0.04018
0.03689
0.03886
0.04018
0.03826
0.04133
0.04128
0.04129
0.04014
0.04096
0.03984
0.03868
0.03871
0.04069
0.04287
0.04163
0.04006
0.03981
0.03948
0.03893
0.04063
0.04131
0.04290
0.04111
0.04065
0.03942
0.03887
0.04064
0.04280
0.03976
0.03838
0.03947
0.04169
0.04005
0.03883
0.03819
0.04243
0.03890
0.04099
0.04151
0.04008
0.04255
0.04105
0.04255
0.03939
0.04050
0.04247
0.04007
0.04018
0.03815
0.04223
0.04044
0.04179
0.03916
0.04220
0.04609
0.04118
0.04068
0.03872
0.03837
0.04045
0.04102
0.04018
0.03992
0.03938
0.04115
0.04125
0.03931
0.03731
0.04110
0.04212
0.04296
0.04268
0.04171
0.04004
0.04015
0.03835
0.03945
0.03968
0.03939
0.03699
0.03865
0.04071
0.04044
0.03904
0.03998
0.04271
0.04129
0.04172
0.04237
0.03821
0.04070
0.03947
0.03977
0.03840
0.04121
0.03859
0.03870
0.04188
0.04136
0.04148
0.03992
0.04007
0.03807
0.04049
0.03890
0.04048
0.04190
0.03909
0.03808
0.04166
0.04508
0.03882
0.03744
0.03871
0.04137
0.03895
0.04025
0.03869
0.04153
0.03953
0.03898
0.04192
0.03957
0.03892
0.03970
0.04351
0.04185
0.04065
0.03955
0.03855
0.03835
0.04077
0.04176
0.04125
0.04343
0.04076
0.03818
0.03978
0.04013
0.04023
0.04286
0.04190
0.04090
0.04201
0.04039
0.04301
0.04099
0.04409
0.03966
0.04008
0.03947
0.03630
0.03896
0.03904
0.03728
0.03882
0.03974
0.04024
0.03885
0.04230
0.03856
0.03935
0.04104
0.04204
0.03899
0.03992
0.03899
0.03981
0.04356
0.04382
0.04349
0.04062
0.03939
0.03942
0.03972
0.03949
0.04164
0.03975
0.04055
0.04168
0.03915
0.03924
0.04216
0.04284
0.04189
0.04252
0.04210
0.04242
0.04063
0.03896
0.04050
0.04080
0.04042
0.03961
0.03988
0.03854
0.03753
0.03875
0.03754
0.03837
0.03961
0.04058
0.03895
0.03655
0.03957
0.04025
0.04065
0.03870
0.03728
0.03866
0.04004
0.03959
0.04001
0.04070
0.03712
0.03681
0.03856
0.03902
0.04041
0.04078
0.04275
0.04356
0.04216
0.04067
0.03977
0.03991
0.03802
0.03793
0.04189
0.04089
0.03734
0.03922
0.03909
0.04141
0.03979
0.04325
0.04068
0.03947
0.04261
0.03892
0.04011
0.03878
0.04260
0.04135
0.03874
0.04084
0.03969
0.04037
0.04093
0.04321
0.04255
0.03911
0.03688
0.03928
0.04179
0.04157
0.04129
0.04080
0.04004
0.04142
0.03944
0.04051
0.03970
0.03928
0.04079
0.04070
0.03789
0.03785
0.04159
0.04115
0.04090
0.04025
0.04045
0.04263
0.03955
0.04036
0.03764
0.03892
0.04279
0.03913
0.03959
0.03765
0.03977
0.04039
0.04012
0.04013
0.04246
0.04115
0.04098
0.03939
0.04139
0.03858
0.03874
0.03928
0.04134
0.04022
0.03849
0.03891
0.04359
0.04166
0.03986
0.03991
0.03865
0.03911
0.04087
0.03761
0.03844
0.04011
0.04104
0.04160
0.03952
0.04037
0.03978
0.03874
0.04092
0.04035
0.04173
0.04039
0.04133
0.04077
0.03907
0.04231
0.03839
0.04162
0.03932
0.03909
0.04142
0.03955
0.03942
0.03903
0.04119
0.03954
0.04233
0.03893
0.04041
0.04000
0.03899
0.04029
0.04076
0.04010
0.04019
0.03875
0.04080
0.04386
0.03857
0.04358
0.04403
0.03861
0.03873
0.04082
0.04164
0.04049
0.03957
0.04120
0.04033
0.03927
0.03748
0.04128
0.04223
0.03969
0.03830
0.03906
0.04001
0.04202
0.03825
0.03957
0.04141
0.04077
0.03668
0.03717
0.03908
0.03950
0.03908
0.03689
0.03615
0.03915
0.03924
0.03694
0.04073
0.03968
0.04199
0.03851
0.04009
0.04105
0.03988
0.03924
0.04135
0.04174
0.04138
0.03967
0.03960
0.04029
0.04151
0.04242
0.04203
0.03975
0.03894
0.04443
0.04129
0.04207
0.03967
0.04053
0.04356
0.03977
0.04138
0.03899
0.04163
0.03983
0.03931
0.03885
0.04048
0.04095
0.04045
0.04049
0.04027
0.04129
0.04394
0.04234
0.03982
0.04289
0.04142
0.04084
0.03895
0.03953
0.04069
0.03741
0.04039
0.03865
0.04019
0.04018
0.03885
0.04050
0.03895
0.04222
0.04006
0.03865
0.03961
0.03818
0.03968
0.03943
0.04038
0.03796
0.03931
0.03713
0.03948
0.04156
0.04040
0.03907
0.04026
0.03963
0.04027
0.04259
0.04003
0.03864
0.03953
0.03804
0.04109
0.04239
0.03938
0.04217
0.03935
0.03913
0.04141
0.04160
0.03999
0.03734
0.04284
0.03896
0.04264
0.04037
0.03933
0.04112
0.03873
0.04121
0.03893
0.04108
0.04081
0.03880
0.03936
0.03675
0.03710
0.03838
0.03817
0.03779
0.03841
0.03974
0.04012
0.03903
0.04073
0.04270
0.04135
0.04034
0.04059
0.03847
0.03949
0.04416
0.04311
0.04051
0.03859
0.03782
0.03997
0.04178
0.03902
0.03774
0.04045
0.03992
0.04136
0.04024
0.04031
0.04169
0.04371
0.04095
0.04224
0.03884
0.03832
0.03896
0.03959
0.03929
0.04108
0.03967
0.03939
0.03860
0.03995
0.03900
0.04208
0.04271
0.03964
0.03984
0.03812
0.03859
0.03923
0.03816
0.03961
0.04196
0.04018
0.03940
0.03789
0.03943
0.03962
0.03891
0.03825
0.03944
0.04126
0.03989
0.04010
0.03984
0.04049
0.04396
0.03753
0.04170
0.04765
0.04182
0.03825
0.03924
0.04120
0.04447
0.04294
0.03952
0.04167
0.04166
0.04113
0.04028
0.04198
0.04094
0.04055
0.04124
0.04088
0.04015
0.03939
0.04201
0.04038
0.03918
0.04029
0.04248
0.04266
0.04069
0.03967
0.03952
0.03987
0.04125
0.04110
0.04194
0.03885
0.04006
0.04140
0.04121
0.03987
0.03958
0.04041
0.04156
0.03925
0.03912
0.03841
0.03924
0.03834
0.03831
0.04294
0.03998
0.03931
0.04030
0.04406
0.03935
0.04048
0.03872
0.04075
0.04018
0.04332
0.04085
0.04081
0.03752
0.04091
0.04213
0.04178
0.04047
0.03857
0.04203
0.04063
0.04101
0.04072
0.04119
0.03976
0.03815
0.03889
0.03986
0.04025
0.04027
0.04091
0.04130
0.04065
0.03919
0.03844
0.03985
0.03814
0.03761
0.03828
0.04188
0.04201
0.04196
0.03866
0.04125
0.03963
0.04065
0.04042
0.03839
0.03813
0.03980
0.04048
0.04272
0.03992
0.03862
0.04008
0.03797
0.03963
