0.01122
0.01120
0.01384
0.08834
0.09774
0.09233
0.09233
0.10744
0.09027
0.01675
0.01398
0.01783
0.03026
0.02966
0.03478
0.09163
0.10527
0.10976
0.10976
0.10037
0.09691
0.04228
0.03760
0.04662
0.05473
0.05580
0.06098
0.07407
0.08539
0.09027
0.09233
0.09027
0.08122
0.06882
0.06455
0.07847
0.07520
0.07558
0.06360
0.06942
0.07891
0.08375
0.08539
0.08375
0.07678
0.07230
0.08171
0.09454
0.08834
0.08897
0.06038
0.07265
0.08074
0.08375
0.08539
0.08483
0.08074
0.06912
0.10037
0.10976
0.08834
0.08773
0.06225
0.07299
0.07761
0.08074
0.08221
0.08375
0.08074
0.07163
0.09774
0.11097
0.07558
0.07482
0.06431
0.07196
0.07444
0.07637
0.07761
0.07803
0.07803
0.07299
0.08539
0.09860
0.07196
0.07098
0.06685
0.06853
0.06972
0.07130
0.07230
0.07163
0.07335
0.07444
0.08122
0.09305
0.08027
0.07891
0.07130
0.06554
0.06824
0.06767
0.06882
0.07163
0.07130
0.07935
0.09027
0.10634
0.08834
0.08773
0.06529
0.06455
0.06972
0.07034
0.07335
0.07299
0.07003
0.07299
0.09774
0.11486
0.08834
0.08773
0.05709
0.06554
0.06972
0.06912
0.07196
0.07230
0.07066
0.06431
0.09454
0.10858
0.08074
0.08171
0.06161
0.06795
0.07098
0.07130
0.07230
0.07371
0.07335
0.06853
0.08271
0.10744
0.07196
0.07196
0.06739
0.07230
0.07230
0.07335
0.07444
0.07335
0.07637
0.07520
0.07935
0.10225
0.07761
0.07678
0.07196
0.06712
0.06824
0.06853
0.06912
0.07034
0.07196
0.07847
0.08596
0.10424
0.08375
0.08271
0.06504
0.06203
0.06685
0.06795
0.06767
0.06912
0.06685
0.07130
0.09027
0.10424
0.09531
0.09379
0.05922
0.06824
0.07230
0.07371
0.07371
0.07482
0.07335
0.06605
0.10037
0.12238
0.08653
0.08596
0.06337
0.07130
0.07335
0.07444
0.07520
0.07637
0.07598
0.07098
0.09379
0.11352
0.07163
0.07098
0.06685
0.06912
0.06972
0.07034
0.07130
0.07098
0.07299
0.07335
0.07935
0.09531
0.08171
0.08122
0.07407
0.06767
0.06882
0.06972
0.06972
0.07163
0.07163
0.08027
0.09094
0.10976
0.09454
0.09379
0.06632
0.06712
0.07196
0.07407
0.07482
0.07407
0.07196
0.07299
0.10225
0.12076
0.08962
0.08897
0.05979
0.06853
0.07003
0.07265
0.07371
0.07265
0.07265
0.06658
0.09454
0.11097
0.07981
0.07981
0.06712
0.07444
0.07335
0.07335
0.07407
0.07719
0.07678
0.07407
0.08773
0.10976
0.07981
0.07935
0.07637
0.07130
0.07265
0.07163
0.07444
0.07482
0.07598
0.08271
0.08962
0.10858
0.08653
0.08596
0.06853
0.06337
0.06882
0.07066
0.07130
0.07066
0.06824
0.07371
0.09233
0.10858
0.09947
0.09860
0.06058
0.07098
0.07265
0.07678
0.07761
0.07678
0.07598
0.06795
0.10527
0.12766
0.08539
0.08596
0.06739
0.07558
0.07598
0.07761
0.07891
0.07719
0.07981
0.07482
0.09305
0.11626
0.07598
0.07558
0.07335
0.07163
0.07163
0.07265
0.07335
0.07371
0.07558
0.07891
0.08429
0.10130
0.09305
0.09233
0.07444
0.06767
0.07034
0.07482
0.07558
0.07520
0.07196
0.08074
0.10130
0.12238
0.10037
0.09947
0.06182
0.07130
0.07371
0.07678
0.07761
0.07847
0.07598
0.06853
0.10634
0.12766
0.08429
0.08483
0.06685
0.07482
0.07637
0.07719
0.07482
0.07847
0.07891
0.07407
0.09163
0.11222
0.08122
0.08122
0.07891
0.07637
0.07637
0.07761
0.07678
0.07935
0.08027
0.08596
0.09163
0.11486
0.09163
0.09094
0.07230
0.06632
0.07163
0.07230
0.07482
0.07444
0.07003
0.07803
0.09860
0.11626
0.10130
0.10130
0.06225
0.07230
0.07678
0.07847
0.07935
0.07981
0.07719
0.06942
0.10744
0.12958
0.08596
0.08653
0.07034
0.07847
0.07981
0.08027
0.08074
0.07981
0.08271
0.07803
0.09454
0.11920
0.07981
0.07935
0.07803
0.07265
0.07163
0.07371
0.07444
0.07558
0.07598
0.08375
0.08834
0.10634
0.10225
0.10225
0.07265
0.07003
0.07598
0.07891
0.07981
0.07847
0.07598
0.07935
0.11097
0.13370
0.09947
0.10037
0.06479
0.07482
0.07847
0.07935
0.07981
0.08027
0.07981
0.07230
0.10527
0.12766
0.07891
0.07981
0.07335
0.07847
0.07847
0.07935
0.08027
0.08122
0.08171
0.08074
0.08773
0.11097
0.09094
0.09027
0.08271
0.07371
0.07520
0.07761
0.07847
0.07847
0.07847
0.08962
0.10130
0.12407
0.09947
0.09947
0.06580
0.07066
0.07558
0.07637
0.07803
0.07719
0.07558
0.07196
0.10424
0.12238
0.09531
0.09610
0.06972
0.08027
0.08122
0.08375
0.08429
0.08221
0.08483
0.07803
0.10424
0.13159
0.08122
0.08074
0.08027
0.07803
0.07761
0.07935
0.07981
0.07935
0.08271
0.08653
0.09094
0.11222
0.09860
0.09860
0.07598
0.06942
0.07558
0.07847
0.07981
0.07847
0.07482
0.08221
0.10634
0.12766
0.10858
0.10858
0.06580
0.07637
0.08171
0.08375
0.08483
0.08429
0.08221
0.07335
0.11486
0.14326
0.08027
0.08122
0.07335
0.07981
0.07803
0.08027
0.08074
0.08221
0.08375
0.08027
0.08897
0.11097
0.09379
0.09305
0.08539
0.07598
0.07598
0.07981
0.08074
0.07803
0.07981
0.09233
0.10424
0.12958
0.10527
0.10527
0.06739
0.07371
0.07637
0.08027
0.08171
0.07847
0.07719
0.07407
0.10976
0.12958
0.09379
0.09454
0.07130
0.08074
0.08271
0.08483
0.08539
0.08653
0.08713
0.07981
0.10225
0.12958
0.08539
0.08483
0.08539
0.07847
0.07935
0.07935
0.08027
0.08027
0.08429
0.09233
0.09610
0.11920
0.10527
0.10424
0.07407
0.07230
0.07637
0.08027
0.08074
0.07847
0.07761
0.08074
0.11222
0.13370
0.10527
0.10634
0.06942
0.08074
0.08539
0.08539
0.08539
0.08834
0.08713
0.07761
0.11352
0.14326
0.07935
0.07891
0.07935
0.08074
0.07981
0.07847
0.07935
0.08271
0.08483
0.08596
0.08897
0.10858
0.10424
0.10323
0.08271
0.07407
0.07891
0.08271
0.08375
0.08221
0.07981
0.08962
0.11486
0.14068
0.10527
0.10634
0.06504
0.07598
0.07935
0.08323
0.08375
0.08429
0.08171
0.07265
0.11097
0.13159
0.08539
0.08653
0.07891
0.08596
0.08539
0.08596
0.08713
0.08773
0.09027
0.08713
0.09531
0.12238
0.09531
0.09454
0.08539
0.07598
0.07803
0.07981
0.08074
0.08122
0.08122
0.09094
0.10527
0.12766
0.11352
0.11352
0.06795
0.07803
0.08271
0.08429
0.08539
0.08653
0.08271
0.07520
0.11920
0.14599
0.09163
0.09305
0.07598
0.08653
0.08713
0.08653
0.08713
0.08596
0.09163
0.08483
0.10225
0.12958
0.09163
0.09027
0.08773
0.07803
0.07935
0.08122
0.08221
0.08221
0.08271
0.09379
0.10130
0.12238
0.12076
0.11920
0.07265
0.07803
0.08483
0.08483
0.08596
0.08713
0.08429
0.07935
0.12766
0.15871
0.09233
0.09305
0.07196
0.08171
0.08483
0.08539
0.08596
0.08483
0.08773
0.07981
0.10037
0.12407
0.09305
0.09233
0.09233
0.08271
0.08375
0.08483
0.08596
0.08653
0.08834
0.09947
0.10527
0.13159
0.10744
0.10744
0.07163
0.07407
0.07847
0.08271
0.08323
0.08271
0.07981
0.07847
0.11352
0.13159
0.10225
0.10323
0.07444
0.08713
0.08653
0.08897
0.09027
0.09163
0.09233
0.08323
0.11097
0.14326
0.08713
0.08653
0.08773
0.08027
0.08122
0.08323
0.08429
0.08429
0.08596
0.09379
0.09774
0.11920
0.11770
0.11770
0.07637
0.07761
0.08375
0.08596
0.08653
0.08713
0.08323
0.08375
0.12583
0.15195
0.10130
0.10225
0.07265
0.08539
0.08773
0.08713
0.08773
0.09027
0.09027
0.08171
0.10976
0.13823
0.08897
0.08834
0.09027
0.08429
0.08429
0.08596
0.08713
0.08713
0.08897
0.09774
0.10037
0.12407
0.11770
0.11626
0.07761
0.07719
0.08323
0.08429
0.08539
0.08596
0.08171
0.08483
0.12407
0.15195
0.10323
0.10424
0.07299
0.08596
0.08834
0.09027
0.09094
0.09027
0.09163
0.08171
0.11097
0.14068
0.09027
0.08962
0.09233
0.08596
0.08596
0.08429
0.08834
0.08897
0.09094
0.09947
0.10225
0.12766
0.11626
0.11486
0.07719
0.07678
0.08375
0.08483
0.08773
0.08713
0.08221
0.08429
0.12407
0.14599
0.10634
0.10744
0.07482
0.08834
0.09094
0.09233
0.09305
0.09454
0.09305
0.08429
0.11626
0.14888
0.08897
0.08834
0.09094
0.08375
0.08429
0.08596
0.08653
0.08653
0.08897
0.09774
0.10037
0.12407
0.12407
0.12407
0.07847
0.07981
0.08713
0.09027
0.09163
0.08962
0.08483
0.08596
0.13370
0.16645
0.09947
0.10130
0.07407
0.08653
0.08897
0.08962
0.09094
0.08897
0.09163
0.08221
0.10858
0.13591
0.09531
0.09454
0.09610
0.08713
0.08713
0.08897
0.08962
0.09094
0.09094
0.10424
0.10858
0.13591
0.11770
0.11626
0.07444
0.07803
0.08483
0.08713
0.08773
0.08773
0.08375
0.08221
0.12238
0.14599
0.10323
0.10527
0.07761
0.09163
0.09379
0.09454
0.09531
0.09233
0.09774
0.08773
0.11486
0.14888
0.09305
0.09233
0.09233
0.08171
0.08122
0.08483
0.08596
0.08596
0.08713
0.09860
0.10323
0.12583
0.13159
0.13159
0.07558
0.08271
0.08962
0.09305
0.09454
0.09233
0.08962
0.08429
0.13823
0.17546
0.09305
0.09454
0.07761
0.08834
0.08773
0.08962
0.09094
0.09163
0.09305
0.08653
0.10225
0.12958
0.10424
0.10323
0.09774
0.08429
0.08653
0.08834
0.08962
0.08897
0.09027
0.10527
0.11770
0.14599
0.11770
0.11770
0.07034
0.08074
0.08429
0.08897
0.09027
0.08897
0.08483
0.07803
0.12407
0.14599
0.09454
0.09610
0.08539
0.09379
0.09454
0.09379
0.09454
0.09774
0.10130
0.09531
0.10744
0.14068
0.10225
0.10130
0.08834
0.07847
0.07935
0.08221
0.08429
0.08323
0.08429
0.09454
0.11097
0.13370
0.12766
0.12958
0.07098
0.08713
0.09379
0.09610
0.09691
0.09454
0.09305
0.08074
0.13591
0.17546
0.08429
0.08539
0.08596
0.08897
0.08834
0.08539
0.08653
0.08897
0.09305
0.09379
0.09454
0.12076
0.11920
0.11770
0.08962
0.07935
0.08653
0.08962
0.09094
0.09027
0.08653
0.09774
0.13159
0.16244
0.11097
0.11097
0.07130
0.08596
0.08962
0.08897
0.08962
0.08897
0.09094
0.07981
0.11770
0.14326
0.09163
0.09094
0.09610
0.09305
0.09233
0.09379
0.09454
0.09305
0.09774
0.10424
0.10527
0.13370
0.11770
0.11626
0.08027
0.07761
0.08271
0.08773
0.08834
0.08834
0.08323
0.08773
0.12407
0.14599
0.11222
0.11486
0.07761
0.09379
0.09305
0.09774
0.09860
0.09774
0.10037
0.08773
0.12407
0.16244
0.09305
0.09233
0.09454
0.08596
0.08653
0.08773
0.08897
0.08962
0.09094
0.10130
0.10424
0.12766
0.13823
0.13591
0.07891
0.08483
0.08962
0.09610
0.09379
0.09531
0.09163
0.08773
0.14599
0.18610
0.09691
0.09860
0.07981
0.09233
0.09094
0.09233
0.09305
0.09454
0.09691
0.08897
0.10744
0.13591
0.10858
0.10744
0.09947
0.08653
0.08834
0.09027
0.09163
0.09233
0.09163
0.10744
0.12238
0.15522
0.12407
0.12407
0.07130
0.08323
0.09027
0.09305
0.09379
0.09163
0.08897
0.07935
0.12958
0.15871
0.09305
0.09379
0.09094
0.09774
0.09610
0.09691
0.09860
0.09947
0.10323
0.10130
0.10527
0.14068
0.11352
0.11352
0.08897
0.07981
0.08483
0.08483
0.08596
0.08653
0.08539
0.09610
0.12407
0.14888
0.12407
0.12583
0.07520
0.09233
0.09691
0.09691
0.09860
0.10130
0.09774
0.08539
0.13370
0.17546
0.09027
0.09027
0.09610
0.09027
0.08962
0.09094
0.09305
0.09379
0.09691
0.10424
0.10323
0.12958
0.13370
0.13370
0.08375
0.08271
0.08773
0.09531
0.09531
0.09531
0.08897
0.09233
0.14326
0.18054
0.10634
0.10744
0.07803
0.09379
0.09610
0.09691
0.09691
0.09947
0.09774
0.08897
0.11770
0.14888
0.10323
0.10225
0.10225
0.08897
0.09027
0.09233
0.09305
0.09379
0.09454
0.10976
0.11626
0.14599
0.13370
0.13370
0.07558
0.08596
0.09305
0.09610
0.09610
0.09691
0.09163
0.08375
0.14068
0.17546
0.09531
0.09691
0.08773
0.09691
0.09610
0.09691
0.09774
0.09947
0.10323
0.09860
0.10744
0.14068
0.11626
0.11486
0.09379
0.08323
0.08653
0.09027
0.09163
0.09094
0.08962
0.10130
0.12766
0.15522
0.12238
0.12407
0.07335
0.09027
0.09610
0.09774
0.09860
0.09860
0.09691
0.08375
0.12958
0.16645
0.09233
0.09163
0.09860
0.09454
0.09094
0.09531
0.09691
0.09691
0.10037
0.10744
0.10527
0.13591
0.12766
0.12583
0.08271
0.08122
0.08596
0.09233
0.09305
0.09094
0.08713
0.09027
0.13370
0.16244
0.10976
0.11222
0.08074
0.09774
0.09947
0.10037
0.10130
0.10037
0.10225
0.09094
0.12076
0.16244
0.09947
0.09860
0.09774
0.08539
0.08429
0.08897
0.08962
0.08897
0.09027
0.10323
0.10976
0.13591
0.14068
0.14068
0.07598
0.08773
0.09379
0.09947
0.10037
0.10037
0.09531
0.08483
0.14888
0.19895
0.09027
0.09163
0.08773
0.09305
0.09233
0.09305
0.09379
0.09531
0.09860
0.09691
0.10130
0.12958
0.12583
0.12407
0.09305
0.08375
0.08962
0.09305
0.09454
0.09305
0.08897
0.10225
0.13823
0.18054
0.11486
0.11626
0.07444
0.09163
0.09454
0.09610
0.09774
0.09691
0.09691
0.08429
0.12407
0.15871
0.09774
0.09691
0.10323
0.09454
0.09454
0.09691
0.09774
0.09691
0.10037
0.11222
0.11222
0.14599
0.13159
0.13159
0.08027
0.08375
0.09094
0.09379
0.09610
0.09454
0.09027
0.08834
0.13823
0.17546
0.10424
0.10527
0.08539
0.09860
0.09860
0.10037
0.10037
0.10225
0.10527
0.09610
0.11626
0.15871
0.11097
0.10976
0.09774
0.08596
0.08773
0.08773
0.09233
0.09163
0.09163
0.10527
0.12407
0.15522
0.12958
0.12958
0.07265
0.09094
0.09691
0.09947
0.10037
0.10037
0.09774
0.08271
0.13823
0.18054
0.09027
0.08962
0.09774
0.09610
0.09531
0.09454
0.09610
0.09860
0.10225
0.10744
0.10424
0.13370
0.12766
0.12766
0.08483
0.08171
0.09027
0.09233
0.09379
0.09305
0.08773
0.09233
0.13823
0.17078
0.11097
0.11222
0.08122
0.09774
0.10037
0.10130
0.10225
0.10323
0.10323
0.09094
0.12238
0.16645
0.10037
0.09947
0.09860
0.08596
0.08773
0.08962
0.09094
0.09094
0.09027
0.10527
0.11222
0.13823
0.14068
0.14068
0.07598
0.08834
0.09860
0.10130
0.10225
0.10225
0.09691
0.08483
0.14888
0.19895
0.08897
0.09027
0.09163
0.09531
0.09379
0.09454
0.09531
0.09691
0.09947
0.10037
0.10037
0.13159
0.13159
0.12958
0.09163
0.08323
0.08962
0.09610
0.09531
0.09610
0.08962
0.10037
0.14326
0.18610
0.11222
0.11352
0.07719
0.09305
0.09610
0.09860
0.09610
0.10037
0.09947
0.08713
0.12238
0.15871
0.10323
0.10225
0.10527
0.09305
0.09379
0.09163
0.09691
0.09610
0.09947
0.11486
0.11770
0.15195
0.13591
0.13591
0.07719
0.08713
0.09531
0.09531
0.09947
0.09531
0.09379
0.08539
0.14326
0.18054
0.09610
0.09691
0.09233
0.10037
0.09774
0.09860
0.09947
0.10130
0.10527
0.10225
0.10858
0.14599
0.12407
0.12238
0.09305
0.08375
0.08897
0.09305
0.09379
0.09305
0.09027
0.10130
0.13591
0.17078
0.11486
0.11626
0.07637
0.09233
0.09691
0.09531
0.09947
0.10037
0.09860
0.08653
0.12583
0.15871
0.10130
0.10037
0.10527
0.09379
0.09531
0.09691
0.09774
0.09860
0.10037
0.11486
0.11626
0.14888
0.12958
0.12958
0.07761
0.08483
0.09233
0.09233
0.09379
0.09379
0.09027
0.08539
0.13591
0.16645
0.10037
0.10225
0.09305
0.10323
0.10130
0.09860
0.10323
0.10130
0.10634
0.10424
0.11352
0.15522
0.11770
0.11626
0.09305
0.08323
0.08773
0.09163
0.09163
0.09163
0.08962
0.10037
0.12958
0.15871
0.12407
0.12583
0.07803
0.09774
0.10130
0.10130
0.10323
0.10527
0.10424
0.08897
0.13591
0.18610
0.09860
0.09774
0.10323
0.09379
0.09379
0.09531
0.09691
0.09691
0.09860
0.11097
0.11222
0.14326
0.14068
0.14068
0.08027
0.08713
0.09531
0.09454
0.09691
0.09860
0.09379
0.08897
0.14888
0.19220
0.09860
0.10037
0.09163
0.10130
0.10037
0.09774
0.10225
0.10323
0.10634
0.10225
0.11222
0.14888
0.11920
0.11770
0.09305
0.08323
0.08596
0.09027
0.09305
0.09163
0.08962
0.10037
0.12958
0.15871
0.12407
0.12583
0.07847
0.09774
0.09860
0.10323
0.10323
0.10527
0.10527
0.08962
0.13591
0.18054
0.09691
0.09610
0.10130
0.09027
0.09163
0.09305
0.09305
0.09379
0.09691
0.10858
0.10976
0.13591
0.14888
0.14888
0.08074
0.08962
0.09860
0.09947
0.09947
0.10037
0.09774
0.09027
0.15871
0.20646
0.09610
0.09691
0.09163
0.09860
0.09774
0.09691
0.09774
0.10037
0.10527
0.10130
0.10744
0.14326
0.12958
0.12766
0.09454
0.08539
0.09163
0.09531
0.09691
0.09454
0.09094
0.10424
0.14068
0.18054
0.11770
0.12076
0.07847
0.09774
0.10037
0.10037
0.10323
0.10037
0.10225
0.08962
0.12958
0.17078
0.10225
0.10130
0.10527
0.09305
0.09379
0.09531
0.09691
0.09774
0.09947
0.11352
0.11626
0.14599
0.14326
0.14326
0.07891
0.09027
0.09860
0.10130
0.10225
0.10225
0.09691
0.08773
0.15195
0.19895
0.09094
0.09233
0.09233
0.09774
0.09531
0.09610
0.09691
0.09531
0.10225
0.10037
0.10323
0.13370
0.13591
0.13591
0.09379
0.08483
0.09379
0.09774
0.09947
0.09691
0.09233
0.10323
0.14888
0.19220
0.11222
0.11352
0.07981
0.09691
0.09691
0.10037
0.10130
0.10037
0.10323
0.09027
0.12238
0.15871
0.10976
0.10858
0.10976
0.09379
0.09531
0.09610
0.09774
0.09860
0.09860
0.11626
0.12583
0.16244
0.13591
0.13591
0.07598
0.09163
0.09774
0.10130
0.10225
0.10225
0.09774
0.08429
0.14326
0.18610
0.09094
0.09163
0.09947
0.09947
0.09860
0.09947
0.10037
0.10130
0.10424
0.10976
0.10527
0.13823
0.14068
0.13823
0.08897
0.08375
0.09305
0.09774
0.09947
0.09860
0.09094
0.09774
0.14888
0.18610
0.10527
0.10634
0.08271
0.09774
0.09774
0.09860
0.09947
0.10130
0.10130
0.09233
0.11626
0.14888
0.11770
0.11626
0.10634
0.09094
0.09379
0.09691
0.09691
0.09860
0.09860
0.11352
0.13159
0.17078
0.12583
0.12766
0.07407
0.09233
0.09531
0.10037
0.10130
0.10130
0.09860
0.08429
0.13370
0.17078
0.09691
0.09610
0.10634
0.10037
0.09947
0.10130
0.10225
0.10323
0.10527
0.11626
0.11222
0.14599
0.14068
0.14068
0.08429
0.08713
0.09610
0.09947
0.10037
0.09947
0.09305
0.09305
0.14888
0.18610
0.10323
0.10424
0.09094
0.10225
0.10225
0.10225
0.10323
0.10424
0.10744
0.10130
0.11626
0.15522
0.12407
0.12238
0.09860
0.08773
0.09163
0.09531
0.09691
0.09610
0.09454
0.10744
0.13823
0.17546
0.11626
0.11770
0.07678
0.09379
0.09774
0.09947
0.10037
0.10130
0.10037
0.08653
0.12583
0.15871
0.10424
0.10323
0.10976
0.09774
0.09691
0.09947
0.09774
0.10225
0.10323
0.11920
0.12076
0.15522
0.13823
0.13823
0.07891
0.08834
0.09691
0.09947
0.09774
0.10037
0.09531
0.08773
0.14326
0.18054
0.09691
0.09860
0.09947
0.10424
0.10037
0.10323
0.10424
0.10634
0.11097
0.10976
0.11097
0.14888
0.13370
0.13159
0.09163
0.08323
0.09305
0.09774
0.09860
0.09691
0.09094
0.10037
0.14326
0.18054
0.11222
0.11352
0.08271
0.09947
0.10130
0.10323
0.10424
0.10424
0.10634
0.09305
0.12407
0.16244
0.11352
0.11222
0.10744
0.09305
0.09305
0.09610
0.09860
0.09774
0.09947
0.11486
0.12766
0.16244
0.12583
0.12766
0.07371
0.09233
0.09610
0.09947
0.10037
0.10130
0.09860
0.08323
0.13370
0.16645
0.09691
0.09610
0.10744
0.10225
0.10130
0.10225
0.10323
0.10424
0.10858
0.11770
0.11222
0.14599
0.14068
0.14068
0.08483
0.08596
0.09610
0.09947
0.09691
0.09691
0.09379
0.09379
0.14888
0.18054
0.10527
0.10634
0.09163
0.10424
0.10130
0.10424
0.10527
0.10634
0.10976
0.10323
0.11770
0.15871
0.12583
0.12407
0.09860
0.08773
0.09027
0.09610
0.09774
0.09531
0.09379
0.10634
0.13823
0.17078
0.11770
0.11920
0.07803
0.09691
0.09860
0.10037
0.10037
0.10323
0.10323
0.08834
0.12766
0.16244
0.10744
0.10634
0.11097
0.09774
0.09774
0.09947
0.10037
0.10130
0.10323
0.11920
0.12238
0.15871
0.13591
0.13591
0.07761
0.09027
0.09691
0.09947
0.10130
0.10130
0.09610
0.08653
0.14068
0.17546
0.09454
0.09610
0.10323
0.10527
0.10225
0.10037
0.10424
0.10634
0.10976
0.11352
0.10858
0.14888
0.13823
0.13823
0.08962
0.08539
0.09379
0.09947
0.10037
0.09691
0.09233
0.09860
0.14888
0.18610
0.10976
0.11097
0.08713
0.10225
0.10037
0.10424
0.10225
0.10634
0.10858
0.09774
0.12076
0.15871
0.12076
0.11770
0.10424
0.09027
0.09305
0.09774
0.09610
0.09774
0.09774
0.11222
0.13370
0.17078
0.12238
0.12407
0.07598
0.09531
0.09947
0.10130
0.10225
0.10130
0.10130
0.08539
0.13159
0.16244
0.10323
0.10225
0.11097
0.09860
0.10037
0.10225
0.10323
0.10225
0.10634
0.12076
0.11920
0.15522
0.14326
0.14326
0.08122
0.08834
0.09860
0.10225
0.10323
0.10225
0.09691
0.08962
0.14888
0.18610
0.09774
0.09947
0.09947
0.10527
0.10130
0.10323
0.10424
0.10527
0.11097
0.10858
0.11097
0.14888
0.13823
0.13591
0.09379
0.08539
0.09454
0.09947
0.10037
0.09947
0.09233
0.10225
0.14888
0.18610
0.10858
0.10976
0.08323
0.09947
0.10037
0.10130
0.10225
0.10323
0.10424
0.09305
0.11920
0.15195
0.11920
0.11770
0.10858
0.09379
0.09610
0.09860
0.10037
0.09860
0.10037
0.11626
0.13370
0.17078
0.12766
0.12958
0.07598
0.09610
0.09947
0.10130
0.10225
0.10424
0.10130
0.08596
0.13823
0.17546
0.10037
0.09947
0.10976
0.10037
0.09947
0.09860
0.10225
0.10225
0.10527
0.11920
0.11486
0.14888
0.14599
0.14599
0.08323
0.09027
0.09860
0.09947
0.10424
0.10323
0.09774
0.09233
0.15522
0.19895
0.09691
0.09774
0.09531
0.10225
0.10037
0.09691
0.10037
0.10323
0.10744
0.10527
0.10858
0.14068
0.14068
0.13823
0.09610
0.08653
0.09531
0.10037
0.10130
0.10037
0.09454
0.10527
0.15195
0.19220
0.11222
0.11352
0.08323
0.10130
0.10225
0.10225
0.10323
0.10424
0.10634
0.09379
0.12238
0.15871
0.11770
0.11626
0.10858
0.09379
0.09454
0.09947
0.10130
0.10037
0.10130
0.11770
0.13370
0.17078
0.13159
0.13370
0.07637
0.09691
0.10323
0.10130
0.10225
0.10527
0.10323
0.08713
0.14068
0.18610
0.09774
0.09691
0.10634
0.09774
0.09774
0.09610
0.09774
0.09860
0.10323
0.11486
0.11097
0.14068
0.15195
0.15195
0.08429
0.09233
0.10037
0.10527
0.10634
0.10527
0.09947
0.09379
0.15871
0.20646
0.09610
0.09774
0.09610
0.10225
0.09947
0.10130
0.10225
0.10225
0.10527
0.10527
0.10858
0.14068
0.14068
0.14068
0.09610
0.08713
0.09610
0.10130
0.10323
0.09947
0.09305
0.10527
0.15522
0.19895
0.11352
0.11486
0.08539
0.10424
0.10424
0.10424
0.10527
0.10744
0.10976
0.09691
0.12583
0.16645
0.11486
0.11352
0.10424
0.09163
0.09454
0.09691
0.09774
0.09691
0.09774
0.11222
0.12766
0.15871
0.13370
0.13591
0.07847
0.09947
0.10424
0.10527
0.10634
0.10527
0.10744
0.08897
0.14599
0.19220
0.09860
0.09774
0.10634
0.09691
0.09691
0.09774
0.09947
0.09947
0.10225
0.11352
0.11222
0.13823
0.15195
0.15522
0.08375
0.09305
0.10037
0.10744
0.10858
0.10634
0.09947
0.09305
0.16244
0.21489
0.09610
0.09774
0.10037
0.10527
0.10225
0.10225
0.10424
0.10527
0.10976
0.11097
0.10858
0.14326
0.13823
0.13823
0.09163
0.08483
0.09531
0.09947
0.10130
0.09691
0.09305
0.10037
0.14888
0.18054
0.11352
0.11486
0.08962
0.10634
0.10634
0.10744
0.10858
0.10976
0.11222
0.10130
0.12583
0.16645
0.11770
0.11626
0.10037
0.08897
0.09233
0.09531
0.09610
0.09531
0.09531
0.10858
0.12766
0.15522
0.13159
0.13370
0.08074
0.10225
0.10744
0.10976
0.11097
0.11097
0.10976
0.09163
0.14326
0.19220
0.10527
0.10323
0.10976
0.09774
0.09774
0.10037
0.09774
0.10130
0.10323
0.11770
0.11920
0.14888
0.14068
0.14326
0.07981
0.09305
0.09947
0.10527
0.10225
0.10424
0.10037
0.08834
0.14888
0.18610
0.09454
0.09531
0.10634
0.10424
0.10130
0.10424
0.10634
0.10527
0.11097
0.11626
0.10976
0.14326
0.13823
0.13823
0.08713
0.08596
0.09610
0.09947
0.10037
0.09947
0.09305
0.09610
0.14599
0.17546
0.10858
0.11097
0.09531
0.10858
0.10744
0.10858
0.10976
0.11097
0.11486
0.10744
0.12238
0.16645
0.12958
0.12766
0.09947
0.08897
0.09305
0.09691
0.09860
0.09454
0.09454
0.10744
0.14068
0.17546
0.11920
0.12076
0.08171
0.10225
0.10424
0.10225
0.10323
0.10424
0.10744
0.09233
0.12958
0.16645
0.11352
0.11222
0.11222
0.09531
0.09691
0.10037
0.09947
0.10225
0.10323
0.12076
0.12958
0.16244
0.12958
0.13159
0.07558
0.09454
0.09947
0.10225
0.10527
0.10527
0.10225
0.08539
0.13823
0.17546
0.10037
0.09947
0.11097
0.10323
0.10323
0.10424
0.10634
0.10634
0.10858
0.12076
0.11626
0.14888
0.14888
0.14888
0.08483
0.09094
0.10037
0.10424
0.10527
0.10424
0.09774
0.09379
0.15522
0.19220
0.09774
0.09860
0.09860
0.10424
0.10225
0.10225
0.10424
0.10527
0.10976
0.10858
0.10976
0.14326
0.14326
0.14326
0.09531
0.08713
0.09774
0.10225
0.10424
0.10037
0.09454
0.10527
0.15522
0.19895
0.10976
0.11222
0.08653
0.10323
0.10225
0.10323
0.10424
0.10634
0.10858
0.09774
0.12238
0.15522
0.12407
0.12407
0.10634
0.09305
0.09610
0.09691
0.09774
0.10037
0.10037
0.11486
0.13823
0.17546
0.12766
0.12958
0.07981
0.10037
0.10527
0.10323
0.10424
0.10976
0.10858
0.09094
0.13823
0.18054
0.10323
0.10225
0.10858
0.09454
0.09531
0.09531
0.09610
0.09691
0.10130
0.11486
0.11626
0.14326
0.14599
0.14888
0.08074
0.09774
0.10527
0.10858
0.10634
0.10424
0.10323
0.09027
0.15522
0.20646
0.09379
0.09305
0.10527
0.10130
0.10037
0.10225
0.10323
0.10323
0.10634
0.11352
0.10744
0.13591
0.15195
0.15195
0.08897
0.08897
0.09860
0.10424
0.10323
0.10323
0.09610
0.09774
0.15871
0.19895
0.10424
0.10527
0.09774
0.10744
0.10527
0.10634
0.10744
0.10976
0.11352
0.10858
0.11770
0.15522
0.12766
0.12583
0.09454
0.08483
0.09233
0.09691
0.09774
0.09610
0.09163
0.10225
0.13591
0.16244
0.12076
0.12238
0.08773
0.10744
0.10858
0.10858
0.10976
0.11352
0.11352
0.09947
0.13370
0.18054
0.11626
0.11486
0.10634
0.09305
0.09454
0.09610
0.09774
0.09947
0.09774
0.11352
0.12958
0.15871
0.13159
0.13370
0.07891
0.10037
0.10527
0.10744
0.10858
0.10976
0.10744
0.08962
0.14068
0.18054
0.10527
0.10424
0.11222
0.10037
0.10037
0.10225
0.10424
0.10424
0.10634
0.12238
0.12076
0.15195
0.13591
0.13823
0.07981
0.09233
0.09860
0.10323
0.10424
0.10323
0.09691
0.08834
0.14326
0.17546
0.09531
0.09691
0.10858
0.10744
0.10323
0.10527
0.10744
0.10858
0.11352
0.11920
0.11097
0.14888
0.14599
0.14599
0.08897
0.08897
0.09947
0.10323
0.10323
0.10225
0.09531
0.09774
0.15522
0.18610
0.10424
0.10527
0.09610
0.10634
0.10527
0.10424
0.10527
0.10858
0.11097
0.10634
0.11626
0.15195
0.13823
0.13591
0.09947
0.08962
0.09610
0.10037
0.10130
0.10037
0.09531
0.10858
0.14888
0.18610
0.11486
0.11626
0.08483
0.10225
0.10424
0.10130
0.10225
0.10744
0.10858
0.09531
0.12583
0.15871
0.12076
0.11920
0.11097
0.09531
0.09860
0.10130
0.10225
0.10225
0.10225
0.11770
0.13591
0.17078
0.13159
0.13370
0.07935
0.10037
0.10634
0.10744
0.10858
0.10976
0.10744
0.08962
0.14068
0.18054
0.10225
0.10130
0.10858
0.09691
0.09774
0.09947
0.10037
0.10037
0.10323
0.11626
0.11486
0.14068
0.14888
0.15195
0.08221
0.09691
0.10634
0.10858
0.11097
0.10976
0.10527
0.09163
0.14599
0.20646
0.09379
0.09379
0.10634
0.10323
0.09947
0.10323
0.10424
0.10527
0.10858
0.11352
0.10037
0.13823
0.15195
0.15195
0.08897
0.09094
0.09947
0.10323
0.10424
0.10323
0.09860
0.09860
0.15871
0.19895
0.10424
0.10634
0.09860
0.10858
0.10634
0.10744
0.10858
0.10744
0.11352
0.10976
0.11770
0.15522
0.12958
0.12958
0.09454
0.08539
0.09379
0.09610
0.09774
0.09454
0.09233
0.10225
0.13823
0.16645
0.11920
0.12076
0.08962
0.10744
0.10976
0.11097
0.11222
0.11352
0.11626
0.10130
0.13159
0.17546
0.12076
0.11920
0.10634
0.09305
0.09610
0.09774
0.09947
0.10037
0.09947
0.11352
0.13370
0.16645
0.12583
0.12766
0.07981
0.10130
0.10527
0.10634
0.10744
0.10744
0.10744
0.09094
0.13591
0.17546
0.10976
0.10858
0.11486
0.10037
0.10037
0.10225
0.10323
0.10424
0.10634
0.12238
0.12583
0.15871
0.13591
0.13591
0.07847
0.09531
0.10130
0.10130
0.10225
0.10527
0.10225
0.08713
0.14326
0.17546
0.09860
0.09774
0.11222
0.10527
0.10424
0.10424
0.10424
0.10527
0.11097
0.12076
0.11486
0.14599
0.14888
0.15195
0.08653
0.09163
0.10130
0.10323
0.10527
0.10225
0.09947
0.09531
0.15871
0.19895
0.09691
0.09860
0.09860
0.10323
0.10130
0.10225
0.10323
0.10424
0.10858
0.10744
0.10858
0.13823
0.14888
0.14888
0.09610
0.08897
0.09947
0.10424
0.10527
0.10424
0.09691
0.10527
0.15871
0.19895
0.10976
0.11222
0.09163
0.10634
0.10527
0.10634
0.10744
0.10858
0.11097
0.10225
0.12238
0.15871
0.12766
0.12766
0.10323
0.09163
0.09531
0.09860
0.10037
0.09947
0.09860
0.11097
0.14068
0.17546
0.12407
0.12766
0.08375
0.10634
0.10744
0.10976
0.11097
0.11222
0.11222
0.09531
0.13591
0.18054
0.11097
0.10976
0.10858
0.09454
0.09454
0.09860
0.09947
0.09860
0.10037
0.11486
0.12407
0.14888
0.13823
0.14068
0.07891
0.10225
0.10858
0.11097
0.11222
0.11097
0.10976
0.09027
0.14888
0.19895
0.10323
0.10225
0.11222
0.10130
0.10130
0.10130
0.10424
0.10225
0.10744
0.12076
0.11770
0.14599
0.13823
0.14068
0.08171
0.09233
0.10130
0.10424
0.10527
0.10527
0.09947
0.09027
0.14599
0.18054
0.09610
0.09774
0.10976
0.10858
0.10634
0.10634
0.10527
0.10976
0.11352
0.12076
0.11097
0.14888
0.14599
0.14326
0.08897
0.08897
0.09860
0.10323
0.10323
0.10323
0.09610
0.09774
0.15195
0.18610
0.10424
0.10744
0.09947
0.10858
0.10744
0.10634
0.10744
0.10976
0.11486
0.11097
0.11770
0.15522
0.14068
0.13823
0.09860
0.08834
0.09610
0.10225
0.10323
0.10037
0.09610
0.10634
0.15195
0.18610
0.11097
0.11352
0.08773
0.10424
0.10424
0.10527
0.10634
0.10527
0.10976
0.09860
0.12238
0.15522
0.12958
0.12583
0.10858
0.09454
0.09860
0.10130
0.10323
0.10225
0.10225
0.11626
0.14326
0.18054
0.12407
0.12766
0.08171
0.10424
0.10744
0.10858
0.10976
0.11097
0.10976
0.09233
0.13591
0.17546
0.10976
0.10744
0.11097
0.09610
0.09774
0.09947
0.10130
0.10130
0.10225
0.11770
0.12238
0.14888
0.14068
0.14326
0.07891
0.10037
0.10858
0.10976
0.11097
0.11097
0.10858
0.08897
0.15195
0.19895
0.09947
0.09860
0.11097
0.10037
0.09947
0.09947
0.10130
0.10323
0.10634
0.11920
0.11352
0.14068
0.14888
0.15195
0.08483
0.09454
0.10323
0.10858
0.10858
0.10858
0.10225
0.09379
0.15522
0.19895
0.09610
0.09860
0.10744
0.10858
0.10527
0.10634
0.10634
0.10858
0.11222
0.11770
0.10976
0.14599
0.14068
0.14068
0.08897
0.08834
0.09774
0.09947
0.10130
0.10225
0.09454
0.09691
0.14888
0.17546
0.10634
0.11097
0.10037
0.11097
0.10976
0.10976
0.11097
0.11352
0.11626
0.11222
0.12076
0.16244
0.13823
0.13591
0.09860
0.08773
0.09691
0.09947
0.10037
0.10037
0.09531
0.10634
0.14888
0.18054
0.11097
0.11626
0.08834
0.10527
0.10323
0.10634
0.10744
0.10858
0.10976
0.09860
0.12238
0.15871
0.12958
0.12583
0.10858
0.09454
0.09691
0.10225
0.10323
0.10225
0.10130
0.11626
0.14326
0.17546
0.12238
0.12766
0.08171
0.10225
0.10424
0.10744
0.10858
0.10976
0.10976
0.09305
0.13370
0.17078
0.11486
0.11222
0.11486
0.09860
0.10037
0.10323
0.10424
0.10424
0.10527
0.12238
0.12958
0.15871
0.13823
0.14326
0.07847
0.10225
0.10744
0.11097
0.11097
0.11097
0.10976
0.08962
0.14888
0.19220
0.10037
0.10037
0.11097
0.10037
0.10037
0.10225
0.10323
0.10130
0.10527
0.11770
0.11486
0.14326
0.15195
0.15871
0.08539
0.09691
0.10634
0.10976
0.11097
0.10858
0.10424
0.09454
0.16244
0.21489
0.09610
0.09860
0.10976
0.10744
0.10424
0.10634
0.10744
0.10976
0.11352
0.12076
0.11097
0.14599
0.14888
0.14599
0.08897
0.09027
0.10130
0.10527
0.10634
0.10424
0.09860
0.09691
0.15522
0.18610
0.10424
0.10858
0.10323
0.11222
0.11222
0.11097
0.11352
0.11486
0.12076
0.11920
0.12076
0.16645
0.15195
0.13591
0.09774
0.08897
0.10130
0.10424
0.10744
0.10424
0.09860
0.10744
0.15871
0.19220
0.10634
0.10858
0.09454
0.11222
0.11352
0.11486
0.11626
0.11486
0.12238
0.11352
0.12407
0.16645
0.12076
0.10323
0.10424
0.09454
0.09947
0.10323
0.10744
0.10634
0.10323
0.11626
0.14326
0.14888
0.10225
0.09860
0.08539
0.11222
0.11352
0.11352
0.11770
0.11920
0.12076
0.10858
0.11770
0.15195
